{
  "@context": "sevo://v1",
  "@type": "Fitness",
  "@id": "fitness-agent-life-v3-1775390091883-sevo-life-cycle-9-1775390746257",
  "timestamp": "2026-04-05T12:05:46.586Z",
  "agent": "agent:life-v3-1775390091883",
  "eqs": 0.28059999999999996,
  "accuracy": 1,
  "magnitude": 0.0010000000000000009,
  "branchesExplored": 1,
  "predictionError": 1,
  "cycleId": "sevo-life-cycle-9-1775390746257",
  "context": {
    "fitness": 0.7,
    "branches": 1,
    "survivalRate": 1,
    "beautyScore": 0.571,
    "efficiency": 0.144,
    "beauty": {
      "symmetry": 0.609,
      "complexity": 0.854,
      "rhythm": 0.103,
      "colorHarmony": 0.72,
      "coverage": 0.508
    },
    "totalTicks": 200,
    "avgAge": 200,
    "correct": 8,
    "total": 8
  }
}