{
  "@context": "sevo://v1",
  "@type": "Fitness",
  "@id": "fitness-agent-life-v3-1775391566502-sevo-life-cycle-2-1775394352324",
  "timestamp": "2026-04-05T13:05:55.325Z",
  "agent": "agent:life-v3-1775391566502",
  "eqs": 0.31239999999999996,
  "accuracy": 1,
  "magnitude": 0.061999999999999944,
  "branchesExplored": 1,
  "predictionError": 1,
  "cycleId": "sevo-life-cycle-2-1775394352324",
  "context": {
    "fitness": 0.688,
    "branches": 1,
    "survivalRate": 1,
    "beautyScore": 0.531,
    "efficiency": 0.145,
    "beauty": {
      "symmetry": 0.584,
      "complexity": 0.798,
      "rhythm": 0.103,
      "colorHarmony": 0.72,
      "coverage": 0.379
    },
    "totalTicks": 200,
    "avgAge": 200,
    "correct": 8,
    "total": 8
  }
}