{
  "@context": "sevo://v1",
  "@type": "Fitness",
  "@id": "fitness-agent-life-v3-1775391566502-sevo-life-cycle-3-1775394376901",
  "timestamp": "2026-04-05T13:06:18.967Z",
  "agent": "agent:life-v3-1775391566502",
  "eqs": 0.31639999999999996,
  "accuracy": 1,
  "magnitude": 0.06599999999999995,
  "branchesExplored": 1,
  "predictionError": 1,
  "cycleId": "sevo-life-cycle-3-1775394376901",
  "context": {
    "fitness": 0.692,
    "branches": 1,
    "survivalRate": 1,
    "beautyScore": 0.543,
    "efficiency": 0.145,
    "beauty": {
      "symmetry": 0.447,
      "complexity": 0.963,
      "rhythm": 0.177,
      "colorHarmony": 0.72,
      "coverage": 0.317
    },
    "totalTicks": 200,
    "avgAge": 200,
    "correct": 8,
    "total": 8
  }
}