{
  "@context": "sevo://v1",
  "@type": "Fitness",
  "@id": "fitness-agent-life-v3-1775391792883-sevo-life-cycle-4-1775392939943",
  "timestamp": "2026-04-05T12:42:20.719Z",
  "agent": "agent:life-v3-1775391792883",
  "eqs": 0.3122000000000001,
  "accuracy": 1,
  "magnitude": 0.06300000000000006,
  "branchesExplored": 1,
  "predictionError": 1,
  "cycleId": "sevo-life-cycle-4-1775392939943",
  "context": {
    "fitness": 0.686,
    "branches": 1,
    "survivalRate": 1,
    "beautyScore": 0.522,
    "efficiency": 0.146,
    "beauty": {
      "symmetry": 0.417,
      "complexity": 0.855,
      "rhythm": 0.248,
      "colorHarmony": 0.72,
      "coverage": 0.313
    },
    "totalTicks": 200,
    "avgAge": 200,
    "correct": 8,
    "total": 8
  }
}