{
  "@context": "sevo://v1",
  "@type": "Fitness",
  "@id": "fitness-agent-life-v3-1775394223733-sevo-life-cycle-3-1775395121720",
  "timestamp": "2026-04-05T13:18:44.527Z",
  "agent": "agent:life-v3-1775394223733",
  "eqs": 0.28539999999999993,
  "accuracy": 1,
  "magnitude": 0.010999999999999899,
  "branchesExplored": 1,
  "predictionError": 1,
  "cycleId": "sevo-life-cycle-3-1775395121720",
  "context": {
    "fitness": 0.697,
    "branches": 1,
    "survivalRate": 1,
    "beautyScore": 0.557,
    "efficiency": 0.148,
    "beauty": {
      "symmetry": 0.62,
      "complexity": 0.802,
      "rhythm": 0.167,
      "colorHarmony": 0.72,
      "coverage": 0.4
    },
    "totalTicks": 200,
    "avgAge": 200,
    "correct": 8,
    "total": 8
  }
}