{
  "@context": "sevo://v1",
  "@type": "Fitness",
  "@id": "fitness-agent-life-v3-1775390846762-sevo-life-cycle-7-1775390966516",
  "timestamp": "2026-04-05T12:09:26.743Z",
  "agent": "agent:life-v3-1775390846762",
  "eqs": 0.32759999999999995,
  "accuracy": 1,
  "magnitude": 0.07599999999999996,
  "branchesExplored": 1,
  "predictionError": 1,
  "cycleId": "sevo-life-cycle-7-1775390966516",
  "context": {
    "fitness": 0.705,
    "branches": 1,
    "survivalRate": 1,
    "beautyScore": 0.578,
    "efficiency": 0.157,
    "beauty": {
      "symmetry": 0.667,
      "complexity": 0.752,
      "rhythm": 0.202,
      "colorHarmony": 0.72,
      "coverage": 0.496
    },
    "totalTicks": 200,
    "avgAge": 200,
    "correct": 8,
    "total": 8
  }
}