{
  "@context": "sevo://v1",
  "@type": "Fitness",
  "@id": "fitness-agent-life-v3-1775390961181-sevo-life-cycle-2-1775394941426",
  "timestamp": "2026-04-05T13:15:43.255Z",
  "agent": "agent:life-v3-1775390961181",
  "eqs": 0.2845999999999999,
  "accuracy": 1,
  "magnitude": 0.010999999999999899,
  "branchesExplored": 1,
  "predictionError": 1,
  "cycleId": "sevo-life-cycle-2-1775394941426",
  "context": {
    "fitness": 0.695,
    "branches": 1,
    "survivalRate": 1,
    "beautyScore": 0.548,
    "efficiency": 0.153,
    "beauty": {
      "symmetry": 0.504,
      "complexity": 0.95,
      "rhythm": 0.161,
      "colorHarmony": 0.683,
      "coverage": 0.333
    },
    "totalTicks": 200,
    "avgAge": 200,
    "correct": 8,
    "total": 8
  }
}