{
  "@context": "sevo://v1",
  "@type": "Fitness",
  "@id": "fitness-agent-life-v3-1775390091883-sevo-life-cycle-3-1775394122685",
  "timestamp": "2026-04-05T13:02:03.596Z",
  "agent": "agent:life-v3-1775390091883",
  "eqs": 0.32819999999999994,
  "accuracy": 1,
  "magnitude": 0.07699999999999996,
  "branchesExplored": 1,
  "predictionError": 1,
  "cycleId": "sevo-life-cycle-3-1775394122685",
  "context": {
    "fitness": 0.705,
    "branches": 1,
    "survivalRate": 1,
    "beautyScore": 0.582,
    "efficiency": 0.152,
    "beauty": {
      "symmetry": 0.565,
      "complexity": 0.879,
      "rhythm": 0.259,
      "colorHarmony": 0.72,
      "coverage": 0.404
    },
    "totalTicks": 200,
    "avgAge": 200,
    "correct": 8,
    "total": 8
  }
}