{
  "@context": "sevo://v1",
  "@type": "Fitness",
  "@id": "fitness-agent-life-v2-1775386725877-sevo-life-cycle-9-1775391015901",
  "timestamp": "2026-04-05T12:10:16.821Z",
  "agent": "agent:life-v2-1775386725877",
  "eqs": 0.30300000000000005,
  "accuracy": 1,
  "magnitude": 0.051000000000000045,
  "branchesExplored": 1,
  "predictionError": 1,
  "cycleId": "sevo-life-cycle-9-1775391015901",
  "context": {
    "fitness": 0.681,
    "branches": 1,
    "survivalRate": 1,
    "beautyScore": 0.504,
    "efficiency": 0.151,
    "beauty": {
      "symmetry": 0.45,
      "complexity": 0.87,
      "rhythm": 0.098,
      "colorHarmony": 0.72,
      "coverage": 0.313
    },
    "totalTicks": 200,
    "avgAge": 200,
    "correct": 8,
    "total": 8
  }
}