{
  "@context": "sevo://v1",
  "@type": "Fitness",
  "@id": "fitness-agent-life-v3-1775390091883-sevo-life-cycle-8-1775392518817",
  "timestamp": "2026-04-05T12:35:19.654Z",
  "agent": "agent:life-v3-1775390091883",
  "eqs": 0.31079999999999997,
  "accuracy": 1,
  "magnitude": 0.05599999999999994,
  "branchesExplored": 1,
  "predictionError": 1,
  "cycleId": "sevo-life-cycle-8-1775392518817",
  "context": {
    "fitness": 0.693,
    "branches": 1,
    "survivalRate": 1,
    "beautyScore": 0.552,
    "efficiency": 0.137,
    "beauty": {
      "symmetry": 0.535,
      "complexity": 0.856,
      "rhythm": 0.194,
      "colorHarmony": 0.72,
      "coverage": 0.379
    },
    "totalTicks": 200,
    "avgAge": 200,
    "correct": 8,
    "total": 8
  }
}