{
  "@context": "sevo://v1",
  "@type": "Fitness",
  "@id": "fitness-agent-life-v3-1775390918981-sevo-life-cycle-4-1775392677186",
  "timestamp": "2026-04-05T12:37:59.296Z",
  "agent": "agent:life-v3-1775390918981",
  "eqs": 0.28900000000000003,
  "accuracy": 1,
  "magnitude": 0.013000000000000012,
  "branchesExplored": 1,
  "predictionError": 1,
  "cycleId": "sevo-life-cycle-4-1775392677186",
  "context": {
    "fitness": 0.703,
    "branches": 1,
    "survivalRate": 1,
    "beautyScore": 0.581,
    "efficiency": 0.145,
    "beauty": {
      "symmetry": 0.476,
      "complexity": 0.941,
      "rhythm": 0.327,
      "colorHarmony": 0.72,
      "coverage": 0.354
    },
    "totalTicks": 200,
    "avgAge": 200,
    "correct": 8,
    "total": 8
  }
}