{
  "@context": "sevo://v1",
  "@type": "Fitness",
  "@id": "fitness-agent-life-v3-1775390918981-sevo-life-cycle-2-1775404822559",
  "timestamp": "2026-04-05T16:00:26.965Z",
  "agent": "agent:life-v3-1775390918981",
  "eqs": 0.27799999999999997,
  "accuracy": 1,
  "magnitude": 0.0020000000000000018,
  "branchesExplored": 1,
  "predictionError": 1,
  "cycleId": "sevo-life-cycle-2-1775404822559",
  "context": {
    "fitness": 0.692,
    "branches": 1,
    "survivalRate": 1,
    "beautyScore": 0.537,
    "efficiency": 0.152,
    "beauty": {
      "symmetry": 0.389,
      "complexity": 0.961,
      "rhythm": 0.202,
      "colorHarmony": 0.767,
      "coverage": 0.296
    },
    "totalTicks": 200,
    "avgAge": 200,
    "correct": 8,
    "total": 8
  }
}