{
  "@context": "sevo://v1",
  "@type": "Fitness",
  "@id": "fitness-agent-life-v3-1775390846762-sevo-life-cycle-5-1775405069103",
  "timestamp": "2026-04-05T16:04:30.239Z",
  "agent": "agent:life-v3-1775390846762",
  "eqs": 0.31139999999999995,
  "accuracy": 1,
  "magnitude": 0.05699999999999994,
  "branchesExplored": 1,
  "predictionError": 1,
  "cycleId": "sevo-life-cycle-5-1775405069103",
  "context": {
    "fitness": 0.693,
    "branches": 1,
    "survivalRate": 1,
    "beautyScore": 0.54,
    "efficiency": 0.156,
    "beauty": {
      "symmetry": 0.467,
      "complexity": 0.929,
      "rhythm": 0.198,
      "colorHarmony": 0.72,
      "coverage": 0.288
    },
    "totalTicks": 200,
    "avgAge": 200,
    "correct": 8,
    "total": 8
  }
}