{
  "@context": "sevo://v1",
  "@type": "Fitness",
  "@id": "fitness-agent-life-v3-1775390961181-sevo-life-cycle-1-1775404032254",
  "timestamp": "2026-04-05T15:47:14.427Z",
  "agent": "agent:life-v3-1775390961181",
  "eqs": 0.2815999999999999,
  "accuracy": 1,
  "magnitude": 0.007999999999999896,
  "branchesExplored": 1,
  "predictionError": 1,
  "cycleId": "sevo-life-cycle-1-1775404032254",
  "context": {
    "fitness": 0.692,
    "branches": 1,
    "survivalRate": 1,
    "beautyScore": 0.538,
    "efficiency": 0.15,
    "beauty": {
      "symmetry": 0.578,
      "complexity": 0.854,
      "rhythm": 0.15,
      "colorHarmony": 0.72,
      "coverage": 0.283
    },
    "totalTicks": 200,
    "avgAge": 200,
    "correct": 8,
    "total": 8
  }
}