{
  "@context": "sevo://v1",
  "@type": "Fitness",
  "@id": "fitness-agent-life-v3-1775392671841-sevo-life-cycle-3-1775394249760",
  "timestamp": "2026-04-05T13:04:12.339Z",
  "agent": "agent:life-v3-1775392671841",
  "eqs": 0.28139999999999993,
  "accuracy": 1,
  "magnitude": 0.006999999999999895,
  "branchesExplored": 1,
  "predictionError": 1,
  "cycleId": "sevo-life-cycle-3-1775394249760",
  "context": {
    "fitness": 0.693,
    "branches": 1,
    "survivalRate": 1,
    "beautyScore": 0.548,
    "efficiency": 0.144,
    "beauty": {
      "symmetry": 0.565,
      "complexity": 0.898,
      "rhythm": 0.134,
      "colorHarmony": 0.72,
      "coverage": 0.317
    },
    "totalTicks": 200,
    "avgAge": 200,
    "correct": 8,
    "total": 8
  }
}