{
  "@context": "sevo://v1",
  "@type": "Fitness",
  "@id": "fitness-agent-life-v3-1775390091883-sevo-life-cycle-9-1775392281283",
  "timestamp": "2026-04-05T12:31:21.870Z",
  "agent": "agent:life-v3-1775390091883",
  "eqs": 0.31679999999999997,
  "accuracy": 1,
  "magnitude": 0.061999999999999944,
  "branchesExplored": 1,
  "predictionError": 1,
  "cycleId": "sevo-life-cycle-9-1775392281283",
  "context": {
    "fitness": 0.699,
    "branches": 1,
    "survivalRate": 1,
    "beautyScore": 0.569,
    "efficiency": 0.141,
    "beauty": {
      "symmetry": 0.59,
      "complexity": 0.854,
      "rhythm": 0.163,
      "colorHarmony": 0.72,
      "coverage": 0.446
    },
    "totalTicks": 200,
    "avgAge": 200,
    "correct": 8,
    "total": 8
  }
}