{
  "@context": "sevo://v1",
  "@type": "Fitness",
  "@id": "fitness-agent-life-v2-1775386935596-sevo-life-cycle-4-1775394272209",
  "timestamp": "2026-04-05T13:04:34.437Z",
  "agent": "agent:life-v2-1775386935596",
  "eqs": 0.30859999999999993,
  "accuracy": 1,
  "magnitude": 0.052999999999999936,
  "branchesExplored": 1,
  "predictionError": 1,
  "cycleId": "sevo-life-cycle-4-1775394272209",
  "context": {
    "fitness": 0.692,
    "branches": 1,
    "survivalRate": 1,
    "beautyScore": 0.538,
    "efficiency": 0.152,
    "beauty": {
      "symmetry": 0.431,
      "complexity": 0.896,
      "rhythm": 0.225,
      "colorHarmony": 0.72,
      "coverage": 0.354
    },
    "totalTicks": 200,
    "avgAge": 200,
    "correct": 8,
    "total": 8
  }
}