{
  "@context": "sevo://v1",
  "@type": "Fitness",
  "@id": "fitness-agent-life-v3-1775390014691-sevo-life-cycle-2-1775404493205",
  "timestamp": "2026-04-05T15:54:54.098Z",
  "agent": "agent:life-v3-1775390014691",
  "eqs": 0.31539999999999996,
  "accuracy": 1,
  "magnitude": 0.06299999999999994,
  "branchesExplored": 1,
  "predictionError": 1,
  "cycleId": "sevo-life-cycle-2-1775404493205",
  "context": {
    "fitness": 0.694,
    "branches": 1,
    "survivalRate": 1,
    "beautyScore": 0.544,
    "efficiency": 0.153,
    "beauty": {
      "symmetry": 0.551,
      "complexity": 0.875,
      "rhythm": 0.04,
      "colorHarmony": 0.72,
      "coverage": 0.479
    },
    "totalTicks": 200,
    "avgAge": 200,
    "correct": 8,
    "total": 8
  }
}