{
  "@context": "sevo://v1",
  "@type": "Fitness",
  "@id": "fitness-agent-life-v3-1775390961181-sevo-life-cycle-6-1775392198606",
  "timestamp": "2026-04-05T12:29:59.718Z",
  "agent": "agent:life-v3-1775390961181",
  "eqs": 0.30639999999999995,
  "accuracy": 1,
  "magnitude": 0.04999999999999993,
  "branchesExplored": 1,
  "predictionError": 1,
  "cycleId": "sevo-life-cycle-6-1775392198606",
  "context": {
    "fitness": 0.691,
    "branches": 1,
    "survivalRate": 1,
    "beautyScore": 0.543,
    "efficiency": 0.142,
    "beauty": {
      "symmetry": 0.61,
      "complexity": 0.792,
      "rhythm": 0.099,
      "colorHarmony": 0.72,
      "coverage": 0.429
    },
    "totalTicks": 200,
    "avgAge": 200,
    "correct": 8,
    "total": 8
  }
}