{
  "@context": "sevo://v1",
  "@type": "Fitness",
  "@id": "fitness-agent-life-v3-1775391889151-sevo-life-cycle-9-1775392545112",
  "timestamp": "2026-04-05T12:35:47.586Z",
  "agent": "agent:life-v3-1775391889151",
  "eqs": 0.32239999999999996,
  "accuracy": 1,
  "magnitude": 0.07199999999999995,
  "branchesExplored": 1,
  "predictionError": 1,
  "cycleId": "sevo-life-cycle-9-1775392545112",
  "context": {
    "fitness": 0.698,
    "branches": 1,
    "survivalRate": 1,
    "beautyScore": 0.562,
    "efficiency": 0.15,
    "beauty": {
      "symmetry": 0.549,
      "complexity": 0.877,
      "rhythm": 0.194,
      "colorHarmony": 0.72,
      "coverage": 0.388
    },
    "totalTicks": 200,
    "avgAge": 200,
    "correct": 8,
    "total": 8
  }
}