{
  "@context": "sevo://v1",
  "@type": "Fitness",
  "@id": "fitness-agent-life-v2-1775386725877-sevo-life-cycle-9-1775393072571",
  "timestamp": "2026-04-05T12:44:33.949Z",
  "agent": "agent:life-v2-1775386725877",
  "eqs": 0.2889999999999999,
  "accuracy": 1,
  "magnitude": 0.014999999999999902,
  "branchesExplored": 1,
  "predictionError": 1,
  "cycleId": "sevo-life-cycle-9-1775393072571",
  "context": {
    "fitness": 0.7,
    "branches": 1,
    "survivalRate": 1,
    "beautyScore": 0.565,
    "efficiency": 0.153,
    "beauty": {
      "symmetry": 0.554,
      "complexity": 0.939,
      "rhythm": 0.181,
      "colorHarmony": 0.683,
      "coverage": 0.354
    },
    "totalTicks": 200,
    "avgAge": 200,
    "correct": 8,
    "total": 8
  }
}