{
  "@context": "sevo://v1",
  "@type": "Fitness",
  "@id": "fitness-agent-life-v3-1775404376078-sevo-life-cycle-4-1775404544735",
  "timestamp": "2026-04-05T15:55:49.053Z",
  "agent": "agent:life-v3-1775404376078",
  "eqs": 0.31279999999999997,
  "accuracy": 1,
  "magnitude": 0.05999999999999994,
  "branchesExplored": 1,
  "predictionError": 1,
  "cycleId": "sevo-life-cycle-4-1775404544735",
  "context": {
    "fitness": 0.692,
    "branches": 1,
    "survivalRate": 1,
    "beautyScore": 0.541,
    "efficiency": 0.151,
    "beauty": {
      "symmetry": 0.407,
      "complexity": 0.942,
      "rhythm": 0.17,
      "colorHarmony": 0.72,
      "coverage": 0.408
    },
    "totalTicks": 200,
    "avgAge": 200,
    "correct": 8,
    "total": 8
  }
}