{
  "@context": "sevo://v1",
  "@type": "Fitness",
  "@id": "fitness-agent-life-v3-1775390961181-sevo-life-cycle-5-1775391919868",
  "timestamp": "2026-04-05T12:25:20.913Z",
  "agent": "agent:life-v3-1775390961181",
  "eqs": 0.31139999999999995,
  "accuracy": 1,
  "magnitude": 0.05499999999999994,
  "branchesExplored": 1,
  "predictionError": 1,
  "cycleId": "sevo-life-cycle-5-1775391919868",
  "context": {
    "fitness": 0.696,
    "branches": 1,
    "survivalRate": 1,
    "beautyScore": 0.564,
    "efficiency": 0.135,
    "beauty": {
      "symmetry": 0.619,
      "complexity": 0.813,
      "rhythm": 0.155,
      "colorHarmony": 0.72,
      "coverage": 0.446
    },
    "totalTicks": 200,
    "avgAge": 200,
    "correct": 8,
    "total": 8
  }
}