{
  "@context": "sevo://v1",
  "@type": "Fitness",
  "@id": "fitness-agent-life-v3-1775391889151-sevo-life-cycle-6-1775392470474",
  "timestamp": "2026-04-05T12:34:33.204Z",
  "agent": "agent:life-v3-1775391889151",
  "eqs": 0.32039999999999996,
  "accuracy": 1,
  "magnitude": 0.06999999999999995,
  "branchesExplored": 1,
  "predictionError": 1,
  "cycleId": "sevo-life-cycle-6-1775392470474",
  "context": {
    "fitness": 0.696,
    "branches": 1,
    "survivalRate": 1,
    "beautyScore": 0.561,
    "efficiency": 0.141,
    "beauty": {
      "symmetry": 0.475,
      "complexity": 0.828,
      "rhythm": 0.314,
      "colorHarmony": 0.733,
      "coverage": 0.417
    },
    "totalTicks": 200,
    "avgAge": 200,
    "correct": 8,
    "total": 8
  }
}