{
  "@context": "sevo://v1",
  "@type": "Fitness",
  "@id": "fitness-agent-life-v3-1775390091883-sevo-life-cycle-6-1775392992876",
  "timestamp": "2026-04-05T12:43:13.520Z",
  "agent": "agent:life-v3-1775390091883",
  "eqs": 0.26120000000000004,
  "accuracy": 1,
  "magnitude": 0.010000000000000009,
  "branchesExplored": 1,
  "predictionError": 1,
  "cycleId": "sevo-life-cycle-6-1775392992876",
  "context": {
    "fitness": 0.638,
    "branches": 1,
    "survivalRate": 0.875,
    "beautyScore": 0.577,
    "efficiency": 0.137,
    "beauty": {
      "symmetry": 0.573,
      "complexity": 0.906,
      "rhythm": 0.199,
      "colorHarmony": 0.72,
      "coverage": 0.392
    },
    "totalTicks": 200,
    "avgAge": 184,
    "correct": 7,
    "total": 8
  }
}