{
  "@context": "sevo://v1",
  "@type": "Fitness",
  "@id": "fitness-agent-life-v3-1775390961181-sevo-life-cycle-4-1775392939943",
  "timestamp": "2026-04-05T12:42:21.171Z",
  "agent": "agent:life-v3-1775390961181",
  "eqs": 0.31339999999999996,
  "accuracy": 1,
  "magnitude": 0.05699999999999994,
  "branchesExplored": 1,
  "predictionError": 1,
  "cycleId": "sevo-life-cycle-4-1775392939943",
  "context": {
    "fitness": 0.698,
    "branches": 1,
    "survivalRate": 1,
    "beautyScore": 0.565,
    "efficiency": 0.142,
    "beauty": {
      "symmetry": 0.588,
      "complexity": 0.854,
      "rhythm": 0.175,
      "colorHarmony": 0.72,
      "coverage": 0.408
    },
    "totalTicks": 200,
    "avgAge": 200,
    "correct": 8,
    "total": 8
  }
}