{
  "@context": "sevo://v1",
  "@type": "Fitness",
  "@id": "fitness-agent-life-v3-1775390846762-sevo-life-cycle-9-1775392807507",
  "timestamp": "2026-04-05T12:40:07.842Z",
  "agent": "agent:life-v3-1775390846762",
  "eqs": 0.31839999999999996,
  "accuracy": 1,
  "magnitude": 0.06399999999999995,
  "branchesExplored": 1,
  "predictionError": 1,
  "cycleId": "sevo-life-cycle-9-1775392807507",
  "context": {
    "fitness": 0.7,
    "branches": 1,
    "survivalRate": 1,
    "beautyScore": 0.565,
    "efficiency": 0.152,
    "beauty": {
      "symmetry": 0.639,
      "complexity": 0.804,
      "rhythm": 0.189,
      "colorHarmony": 0.72,
      "coverage": 0.392
    },
    "totalTicks": 200,
    "avgAge": 200,
    "correct": 8,
    "total": 8
  }
}