{
  "@context": "sevo://v1",
  "@type": "Fitness",
  "@id": "fitness-agent-life-v3-1775390961181-sevo-life-cycle-1-1775392075802",
  "timestamp": "2026-04-05T12:27:56.988Z",
  "agent": "agent:life-v3-1775390961181",
  "eqs": 0.30339999999999995,
  "accuracy": 1,
  "magnitude": 0.04699999999999993,
  "branchesExplored": 1,
  "predictionError": 1,
  "cycleId": "sevo-life-cycle-1-1775392075802",
  "context": {
    "fitness": 0.688,
    "branches": 1,
    "survivalRate": 1,
    "beautyScore": 0.534,
    "efficiency": 0.139,
    "beauty": {
      "symmetry": 0.497,
      "complexity": 0.84,
      "rhythm": 0.116,
      "colorHarmony": 0.767,
      "coverage": 0.413
    },
    "totalTicks": 200,
    "avgAge": 200,
    "correct": 8,
    "total": 8
  }
}