{
  "@context": "sevo://v1",
  "@type": "Fitness",
  "@id": "fitness-agent-life-v3-1775390961181-sevo-life-cycle-5-1775394790050",
  "timestamp": "2026-04-05T13:13:11.879Z",
  "agent": "agent:life-v3-1775390961181",
  "eqs": 0.28859999999999997,
  "accuracy": 1,
  "magnitude": 0.014999999999999902,
  "branchesExplored": 1,
  "predictionError": 1,
  "cycleId": "sevo-life-cycle-5-1775394790050",
  "context": {
    "fitness": 0.699,
    "branches": 1,
    "survivalRate": 1,
    "beautyScore": 0.564,
    "efficiency": 0.149,
    "beauty": {
      "symmetry": 0.587,
      "complexity": 0.852,
      "rhythm": 0.118,
      "colorHarmony": 0.72,
      "coverage": 0.483
    },
    "totalTicks": 200,
    "avgAge": 200,
    "correct": 8,
    "total": 8
  }
}