{
  "@context": "sevo://v1",
  "@type": "Fitness",
  "@id": "fitness-agent-life-v2-1775386725877-sevo-life-cycle-6-1775391945197",
  "timestamp": "2026-04-05T12:25:46.361Z",
  "agent": "agent:life-v2-1775386725877",
  "eqs": 0.2899999999999999,
  "accuracy": 1,
  "magnitude": 0.015999999999999903,
  "branchesExplored": 1,
  "predictionError": 1,
  "cycleId": "sevo-life-cycle-6-1775391945197",
  "context": {
    "fitness": 0.701,
    "branches": 1,
    "survivalRate": 1,
    "beautyScore": 0.568,
    "efficiency": 0.152,
    "beauty": {
      "symmetry": 0.481,
      "complexity": 0.947,
      "rhythm": 0.281,
      "colorHarmony": 0.72,
      "coverage": 0.313
    },
    "totalTicks": 200,
    "avgAge": 200,
    "correct": 8,
    "total": 8
  }
}