{
  "@context": "sevo://v1",
  "@type": "Fitness",
  "@id": "fitness-agent-life-v3-1775391566502-sevo-life-cycle-4-1775394272209",
  "timestamp": "2026-04-05T13:04:34.237Z",
  "agent": "agent:life-v3-1775391566502",
  "eqs": 0.31339999999999996,
  "accuracy": 1,
  "magnitude": 0.06299999999999994,
  "branchesExplored": 1,
  "predictionError": 1,
  "cycleId": "sevo-life-cycle-4-1775394272209",
  "context": {
    "fitness": 0.689,
    "branches": 1,
    "survivalRate": 1,
    "beautyScore": 0.533,
    "efficiency": 0.146,
    "beauty": {
      "symmetry": 0.504,
      "complexity": 0.833,
      "rhythm": 0.176,
      "colorHarmony": 0.767,
      "coverage": 0.325
    },
    "totalTicks": 200,
    "avgAge": 200,
    "correct": 8,
    "total": 8
  }
}