{
  "@context": "sevo://v1",
  "@type": "Fitness",
  "@id": "fitness-agent-life-v3-1775390846762-sevo-life-cycle-3-1775404093726",
  "timestamp": "2026-04-05T15:48:14.414Z",
  "agent": "agent:life-v3-1775390846762",
  "eqs": 0.31739999999999996,
  "accuracy": 1,
  "magnitude": 0.06299999999999994,
  "branchesExplored": 1,
  "predictionError": 1,
  "cycleId": "sevo-life-cycle-3-1775404093726",
  "context": {
    "fitness": 0.699,
    "branches": 1,
    "survivalRate": 1,
    "beautyScore": 0.561,
    "efficiency": 0.152,
    "beauty": {
      "symmetry": 0.566,
      "complexity": 0.8,
      "rhythm": 0.184,
      "colorHarmony": 0.72,
      "coverage": 0.501
    },
    "totalTicks": 200,
    "avgAge": 200,
    "correct": 8,
    "total": 8
  }
}