{
  "@context": "sevo://v1",
  "@type": "Fitness",
  "@id": "fitness-agent-life-v3-1775390961181-sevo-life-cycle-4-1775393882355",
  "timestamp": "2026-04-05T12:58:04.121Z",
  "agent": "agent:life-v3-1775390961181",
  "eqs": 0.2915999999999999,
  "accuracy": 1,
  "magnitude": 0.017999999999999905,
  "branchesExplored": 1,
  "predictionError": 1,
  "cycleId": "sevo-life-cycle-4-1775393882355",
  "context": {
    "fitness": 0.702,
    "branches": 1,
    "survivalRate": 1,
    "beautyScore": 0.567,
    "efficiency": 0.159,
    "beauty": {
      "symmetry": 0.621,
      "complexity": 0.75,
      "rhythm": 0.203,
      "colorHarmony": 0.72,
      "coverage": 0.503
    },
    "totalTicks": 200,
    "avgAge": 200,
    "correct": 8,
    "total": 8
  }
}