{
  "@context": "sevo://v1",
  "@type": "Fitness",
  "@id": "fitness-agent-life-v2-1775386935596-sevo-life-cycle-5-1775404881615",
  "timestamp": "2026-04-05T16:01:22.960Z",
  "agent": "agent:life-v2-1775386935596",
  "eqs": 0.30659999999999993,
  "accuracy": 1,
  "magnitude": 0.050999999999999934,
  "branchesExplored": 1,
  "predictionError": 1,
  "cycleId": "sevo-life-cycle-5-1775404881615",
  "context": {
    "fitness": 0.69,
    "branches": 1,
    "survivalRate": 1,
    "beautyScore": 0.534,
    "efficiency": 0.149,
    "beauty": {
      "symmetry": 0.519,
      "complexity": 0.825,
      "rhythm": 0.193,
      "colorHarmony": 0.72,
      "coverage": 0.342
    },
    "totalTicks": 200,
    "avgAge": 200,
    "correct": 8,
    "total": 8
  }
}