{
  "@context": "sevo://v1",
  "@type": "Fitness",
  "@id": "fitness-agent-life-v3-1775390014691-sevo-life-cycle-5-1775394295904",
  "timestamp": "2026-04-05T13:04:56.673Z",
  "agent": "agent:life-v3-1775390014691",
  "eqs": 0.31339999999999996,
  "accuracy": 1,
  "magnitude": 0.06099999999999994,
  "branchesExplored": 1,
  "predictionError": 1,
  "cycleId": "sevo-life-cycle-5-1775394295904",
  "context": {
    "fitness": 0.692,
    "branches": 1,
    "survivalRate": 1,
    "beautyScore": 0.541,
    "efficiency": 0.15,
    "beauty": {
      "symmetry": 0.574,
      "complexity": 0.867,
      "rhythm": 0.049,
      "colorHarmony": 0.72,
      "coverage": 0.417
    },
    "totalTicks": 200,
    "avgAge": 200,
    "correct": 8,
    "total": 8
  }
}