{
  "@context": "sevo://v1",
  "@type": "Fitness",
  "@id": "fitness-agent-life-v3-1775390846762-sevo-life-cycle-5-1775394790050",
  "timestamp": "2026-04-05T13:13:10.730Z",
  "agent": "agent:life-v3-1775390846762",
  "eqs": 0.31039999999999995,
  "accuracy": 1,
  "magnitude": 0.05599999999999994,
  "branchesExplored": 1,
  "predictionError": 1,
  "cycleId": "sevo-life-cycle-5-1775394790050",
  "context": {
    "fitness": 0.692,
    "branches": 1,
    "survivalRate": 1,
    "beautyScore": 0.534,
    "efficiency": 0.158,
    "beauty": {
      "symmetry": 0.479,
      "complexity": 0.93,
      "rhythm": 0.117,
      "colorHarmony": 0.72,
      "coverage": 0.333
    },
    "totalTicks": 200,
    "avgAge": 200,
    "correct": 8,
    "total": 8
  }
}