{
  "@context": "sevo://v1",
  "@type": "Fitness",
  "@id": "fitness-agent-life-v2-1775386725877-sevo-life-cycle-9-1775391776560",
  "timestamp": "2026-04-05T12:22:56.972Z",
  "agent": "agent:life-v2-1775386725877",
  "eqs": 0.2839999999999999,
  "accuracy": 1,
  "magnitude": 0.009999999999999898,
  "branchesExplored": 1,
  "predictionError": 1,
  "cycleId": "sevo-life-cycle-9-1775391776560",
  "context": {
    "fitness": 0.695,
    "branches": 1,
    "survivalRate": 1,
    "beautyScore": 0.548,
    "efficiency": 0.156,
    "beauty": {
      "symmetry": 0.468,
      "complexity": 0.923,
      "rhythm": 0.226,
      "colorHarmony": 0.72,
      "coverage": 0.313
    },
    "totalTicks": 200,
    "avgAge": 200,
    "correct": 8,
    "total": 8
  }
}