{
  "@context": "sevo://v1",
  "@type": "Fitness",
  "@id": "fitness-agent-life-v2-1775386935596-sevo-life-cycle-1-1775404467671",
  "timestamp": "2026-04-05T15:54:30.864Z",
  "agent": "agent:life-v2-1775386935596",
  "eqs": 0.30260000000000004,
  "accuracy": 1,
  "magnitude": 0.04700000000000004,
  "branchesExplored": 1,
  "predictionError": 1,
  "cycleId": "sevo-life-cycle-1-1775404467671",
  "context": {
    "fitness": 0.686,
    "branches": 1,
    "survivalRate": 1,
    "beautyScore": 0.519,
    "efficiency": 0.15,
    "beauty": {
      "symmetry": 0.383,
      "complexity": 0.873,
      "rhythm": 0.237,
      "colorHarmony": 0.72,
      "coverage": 0.333
    },
    "totalTicks": 200,
    "avgAge": 200,
    "correct": 8,
    "total": 8
  }
}