{
  "@context": "sevo://v1",
  "@type": "Fitness",
  "@id": "fitness-agent-life-v2-1775386725877-sevo-life-cycle-3-1775391387962",
  "timestamp": "2026-04-05T12:16:29.135Z",
  "agent": "agent:life-v2-1775386725877",
  "eqs": 0.30360000000000004,
  "accuracy": 1,
  "magnitude": 0.050000000000000044,
  "branchesExplored": 1,
  "predictionError": 1,
  "cycleId": "sevo-life-cycle-3-1775391387962",
  "context": {
    "fitness": 0.684,
    "branches": 1,
    "survivalRate": 1,
    "beautyScore": 0.51,
    "efficiency": 0.153,
    "beauty": {
      "symmetry": 0.331,
      "complexity": 0.97,
      "rhythm": 0.145,
      "colorHarmony": 0.72,
      "coverage": 0.321
    },
    "totalTicks": 200,
    "avgAge": 200,
    "correct": 8,
    "total": 8
  }
}