{
  "@context": "sevo://v1",
  "@type": "Fitness",
  "@id": "fitness-agent-life-v3-1775404376078-sevo-life-cycle-2-1775404493205",
  "timestamp": "2026-04-05T15:54:57.114Z",
  "agent": "agent:life-v3-1775404376078",
  "eqs": 0.31379999999999997,
  "accuracy": 1,
  "magnitude": 0.06099999999999994,
  "branchesExplored": 1,
  "predictionError": 1,
  "cycleId": "sevo-life-cycle-2-1775404493205",
  "context": {
    "fitness": 0.693,
    "branches": 1,
    "survivalRate": 1,
    "beautyScore": 0.539,
    "efficiency": 0.154,
    "beauty": {
      "symmetry": 0.352,
      "complexity": 0.92,
      "rhythm": 0.243,
      "colorHarmony": 0.72,
      "coverage": 0.429
    },
    "totalTicks": 200,
    "avgAge": 200,
    "correct": 8,
    "total": 8
  }
}