{
  "@context": "sevo://v1",
  "@type": "Fitness",
  "@id": "fitness-agent-life-v3-1775390846762-sevo-life-cycle-7-1775391971002",
  "timestamp": "2026-04-05T12:26:11.292Z",
  "agent": "agent:life-v3-1775390846762",
  "eqs": 0.31339999999999996,
  "accuracy": 1,
  "magnitude": 0.05899999999999994,
  "branchesExplored": 1,
  "predictionError": 1,
  "cycleId": "sevo-life-cycle-7-1775391971002",
  "context": {
    "fitness": 0.695,
    "branches": 1,
    "survivalRate": 1,
    "beautyScore": 0.549,
    "efficiency": 0.15,
    "beauty": {
      "symmetry": 0.493,
      "complexity": 0.898,
      "rhythm": 0.142,
      "colorHarmony": 0.767,
      "coverage": 0.383
    },
    "totalTicks": 200,
    "avgAge": 200,
    "correct": 8,
    "total": 8
  }
}