{
  "@context": "sevo://v1",
  "@type": "Fitness",
  "@id": "fitness-agent-life-v3-1775391566502-sevo-life-cycle-4-1775394145940",
  "timestamp": "2026-04-05T13:02:27.936Z",
  "agent": "agent:life-v3-1775391566502",
  "eqs": 0.32839999999999997,
  "accuracy": 1,
  "magnitude": 0.07799999999999996,
  "branchesExplored": 1,
  "predictionError": 1,
  "cycleId": "sevo-life-cycle-4-1775394145940",
  "context": {
    "fitness": 0.704,
    "branches": 1,
    "survivalRate": 1,
    "beautyScore": 0.577,
    "efficiency": 0.153,
    "beauty": {
      "symmetry": 0.671,
      "complexity": 0.825,
      "rhythm": 0.233,
      "colorHarmony": 0.683,
      "coverage": 0.363
    },
    "totalTicks": 200,
    "avgAge": 200,
    "correct": 8,
    "total": 8
  }
}