{
  "@context": "sevo://v1",
  "@type": "Fitness",
  "@id": "fitness-agent-life-v3-1775394223733-sevo-life-cycle-5-1775394790050",
  "timestamp": "2026-04-05T13:13:12.662Z",
  "agent": "agent:life-v3-1775394223733",
  "eqs": 0.29239999999999994,
  "accuracy": 1,
  "magnitude": 0.017999999999999905,
  "branchesExplored": 1,
  "predictionError": 1,
  "cycleId": "sevo-life-cycle-5-1775394790050",
  "context": {
    "fitness": 0.704,
    "branches": 1,
    "survivalRate": 1,
    "beautyScore": 0.578,
    "efficiency": 0.151,
    "beauty": {
      "symmetry": 0.638,
      "complexity": 0.822,
      "rhythm": 0.204,
      "colorHarmony": 0.72,
      "coverage": 0.429
    },
    "totalTicks": 200,
    "avgAge": 200,
    "correct": 8,
    "total": 8
  }
}