{
  "@context": "sevo://v1",
  "@type": "Fitness",
  "@id": "fitness-agent-life-v3-1775390579270-sevo-life-cycle-3-1775391131227",
  "timestamp": "2026-04-05T12:12:11.926Z",
  "agent": "agent:life-v3-1775390579270",
  "eqs": 0.28440000000000004,
  "accuracy": 1,
  "magnitude": 0.008000000000000007,
  "branchesExplored": 1,
  "predictionError": 1,
  "cycleId": "sevo-life-cycle-3-1775391131227",
  "context": {
    "fitness": 0.699,
    "branches": 1,
    "survivalRate": 1,
    "beautyScore": 0.559,
    "efficiency": 0.157,
    "beauty": {
      "symmetry": 0.524,
      "complexity": 0.854,
      "rhythm": 0.256,
      "colorHarmony": 0.72,
      "coverage": 0.367
    },
    "totalTicks": 200,
    "avgAge": 200,
    "correct": 8,
    "total": 8
  }
}