{
  "@context": "sevo://v1",
  "@type": "Fitness",
  "@id": "fitness-agent-life-v3-1775391566502-sevo-life-cycle-5-1775405069103",
  "timestamp": "2026-04-05T16:04:32.393Z",
  "agent": "agent:life-v3-1775391566502",
  "eqs": 0.30140000000000006,
  "accuracy": 1,
  "magnitude": 0.051000000000000045,
  "branchesExplored": 1,
  "predictionError": 1,
  "cycleId": "sevo-life-cycle-5-1775405069103",
  "context": {
    "fitness": 0.677,
    "branches": 1,
    "survivalRate": 1,
    "beautyScore": 0.487,
    "efficiency": 0.156,
    "beauty": {
      "symmetry": 0.373,
      "complexity": 0.866,
      "rhythm": 0.092,
      "colorHarmony": 0.72,
      "coverage": 0.338
    },
    "totalTicks": 200,
    "avgAge": 200,
    "correct": 8,
    "total": 8
  }
}