{
  "@context": "sevo://v1",
  "@type": "Fitness",
  "@id": "fitness-agent-life-v3-1775391566502-sevo-life-cycle-5-1775394045789",
  "timestamp": "2026-04-05T13:00:47.732Z",
  "agent": "agent:life-v3-1775391566502",
  "eqs": 0.32039999999999996,
  "accuracy": 1,
  "magnitude": 0.06999999999999995,
  "branchesExplored": 1,
  "predictionError": 1,
  "cycleId": "sevo-life-cycle-5-1775394045789",
  "context": {
    "fitness": 0.696,
    "branches": 1,
    "survivalRate": 1,
    "beautyScore": 0.551,
    "efficiency": 0.151,
    "beauty": {
      "symmetry": 0.597,
      "complexity": 0.804,
      "rhythm": 0.135,
      "colorHarmony": 0.72,
      "coverage": 0.442
    },
    "totalTicks": 200,
    "avgAge": 200,
    "correct": 8,
    "total": 8
  }
}