{
  "@context": "sevo://v1",
  "@type": "Fitness",
  "@id": "fitness-agent-life-v2-1775386935596-sevo-life-cycle-4-1775404379464",
  "timestamp": "2026-04-05T15:53:02.365Z",
  "agent": "agent:life-v2-1775386935596",
  "eqs": 0.30759999999999993,
  "accuracy": 1,
  "magnitude": 0.051999999999999935,
  "branchesExplored": 1,
  "predictionError": 1,
  "cycleId": "sevo-life-cycle-4-1775404379464",
  "context": {
    "fitness": 0.691,
    "branches": 1,
    "survivalRate": 1,
    "beautyScore": 0.537,
    "efficiency": 0.148,
    "beauty": {
      "symmetry": 0.442,
      "complexity": 0.958,
      "rhythm": 0.157,
      "colorHarmony": 0.72,
      "coverage": 0.317
    },
    "totalTicks": 200,
    "avgAge": 200,
    "correct": 8,
    "total": 8
  }
}