{
  "@context": "sevo://v1",
  "@type": "Fitness",
  "@id": "fitness-agent-life-v3-1775390961181-sevo-life-cycle-4-1775392150503",
  "timestamp": "2026-04-05T12:29:11.649Z",
  "agent": "agent:life-v3-1775390961181",
  "eqs": 0.32039999999999996,
  "accuracy": 1,
  "magnitude": 0.06399999999999995,
  "branchesExplored": 1,
  "predictionError": 1,
  "cycleId": "sevo-life-cycle-4-1775392150503",
  "context": {
    "fitness": 0.705,
    "branches": 1,
    "survivalRate": 1,
    "beautyScore": 0.589,
    "efficiency": 0.139,
    "beauty": {
      "symmetry": 0.56,
      "complexity": 0.866,
      "rhythm": 0.315,
      "colorHarmony": 0.72,
      "coverage": 0.408
    },
    "totalTicks": 200,
    "avgAge": 200,
    "correct": 8,
    "total": 8
  }
}