{
  "@context": "sevo://v1",
  "@type": "Fitness",
  "@id": "fitness-agent-life-v3-1775389645056-sevo-life-cycle-9-1775391015901",
  "timestamp": "2026-04-05T12:10:16.484Z",
  "agent": "agent:life-v3-1775389645056",
  "eqs": 0.32199999999999995,
  "accuracy": 1,
  "magnitude": 0.06999999999999995,
  "branchesExplored": 1,
  "predictionError": 1,
  "cycleId": "sevo-life-cycle-9-1775391015901",
  "context": {
    "fitness": 0.7,
    "branches": 1,
    "survivalRate": 1,
    "beautyScore": 0.564,
    "efficiency": 0.156,
    "beauty": {
      "symmetry": 0.621,
      "complexity": 0.798,
      "rhythm": 0.128,
      "colorHarmony": 0.72,
      "coverage": 0.503
    },
    "totalTicks": 200,
    "avgAge": 200,
    "correct": 8,
    "total": 8
  }
}