{
  "@context": "sevo://v1",
  "@type": "Fitness",
  "@id": "fitness-agent-life-v4-1775394424282-sevo-life-cycle-4-1775394599291",
  "timestamp": "2026-04-05T13:09:59.479Z",
  "agent": "agent:life-v4-1775394424282",
  "eqs": 0.28679999999999994,
  "accuracy": 1,
  "magnitude": 0.0119999999999999,
  "branchesExplored": 1,
  "predictionError": 1,
  "cycleId": "sevo-life-cycle-4-1775394599291",
  "context": {
    "fitness": 0.699,
    "branches": 1,
    "survivalRate": 1,
    "beautyScore": 0.564,
    "efficiency": 0.147,
    "beauty": {
      "symmetry": 0.605,
      "complexity": 0.756,
      "rhythm": 0.207,
      "colorHarmony": 0.72,
      "coverage": 0.496
    },
    "totalTicks": 200,
    "avgAge": 200,
    "correct": 8,
    "total": 8
  }
}