{
  "@context": "sevo://v1",
  "@type": "Fitness",
  "@id": "fitness-agent-life-v2-1775386935596-sevo-life-cycle-5-1775393231018",
  "timestamp": "2026-04-05T12:47:11.809Z",
  "agent": "agent:life-v2-1775386935596",
  "eqs": 0.2996000000000001,
  "accuracy": 1,
  "magnitude": 0.04400000000000004,
  "branchesExplored": 1,
  "predictionError": 1,
  "cycleId": "sevo-life-cycle-5-1775393231018",
  "context": {
    "fitness": 0.683,
    "branches": 1,
    "survivalRate": 1,
    "beautyScore": 0.507,
    "efficiency": 0.155,
    "beauty": {
      "symmetry": 0.402,
      "complexity": 0.904,
      "rhythm": 0.138,
      "colorHarmony": 0.72,
      "coverage": 0.3
    },
    "totalTicks": 200,
    "avgAge": 200,
    "correct": 8,
    "total": 8
  }
}