{
  "@context": "sevo://v1",
  "@type": "Fitness",
  "@id": "fitness-agent-life-v4-1775393989773-sevo-life-cycle-4-1775394014915",
  "timestamp": "2026-04-05T13:00:15.093Z",
  "agent": "agent:life-v4-1775393989773",
  "eqs": 0.32339999999999997,
  "accuracy": 1,
  "magnitude": 0.07099999999999995,
  "branchesExplored": 1,
  "predictionError": 1,
  "cycleId": "sevo-life-cycle-4-1775394014915",
  "context": {
    "fitness": 0.702,
    "branches": 1,
    "survivalRate": 1,
    "beautyScore": 0.573,
    "efficiency": 0.149,
    "beauty": {
      "symmetry": 0.526,
      "complexity": 0.851,
      "rhythm": 0.234,
      "colorHarmony": 0.72,
      "coverage": 0.496
    },
    "totalTicks": 200,
    "avgAge": 200,
    "correct": 8,
    "total": 8
  }
}