{
  "@context": "sevo://v1",
  "@type": "Fitness",
  "@id": "fitness-agent-life-v3-1775389645056-sevo-life-cycle-8-1775390994191",
  "timestamp": "2026-04-05T12:09:54.746Z",
  "agent": "agent:life-v3-1775389645056",
  "eqs": 0.32799999999999996,
  "accuracy": 1,
  "magnitude": 0.07599999999999996,
  "branchesExplored": 1,
  "predictionError": 1,
  "cycleId": "sevo-life-cycle-8-1775390994191",
  "context": {
    "fitness": 0.706,
    "branches": 1,
    "survivalRate": 1,
    "beautyScore": 0.58,
    "efficiency": 0.161,
    "beauty": {
      "symmetry": 0.642,
      "complexity": 0.833,
      "rhythm": 0.139,
      "colorHarmony": 0.72,
      "coverage": 0.501
    },
    "totalTicks": 200,
    "avgAge": 200,
    "correct": 8,
    "total": 8
  }
}