{
  "@context": "sevo://v1",
  "@type": "Fitness",
  "@id": "fitness-agent-life-v3-1775390918981-sevo-life-cycle-9-1775393328832",
  "timestamp": "2026-04-05T12:48:51.998Z",
  "agent": "agent:life-v3-1775390918981",
  "eqs": 0.28400000000000003,
  "accuracy": 1,
  "magnitude": 0.008000000000000007,
  "branchesExplored": 1,
  "predictionError": 1,
  "cycleId": "sevo-life-cycle-9-1775393328832",
  "context": {
    "fitness": 0.698,
    "branches": 1,
    "survivalRate": 1,
    "beautyScore": 0.562,
    "efficiency": 0.148,
    "beauty": {
      "symmetry": 0.639,
      "complexity": 0.739,
      "rhythm": 0.186,
      "colorHarmony": 0.72,
      "coverage": 0.483
    },
    "totalTicks": 200,
    "avgAge": 200,
    "correct": 8,
    "total": 8
  }
}