{
  "@context": "sevo://v1",
  "@type": "Fitness",
  "@id": "fitness-agent-life-v3-1775390091883-sevo-life-cycle-4-1775391412089",
  "timestamp": "2026-04-05T12:16:52.583Z",
  "agent": "agent:life-v3-1775390091883",
  "eqs": 0.29159999999999997,
  "accuracy": 1,
  "magnitude": 0.01200000000000001,
  "branchesExplored": 1,
  "predictionError": 1,
  "cycleId": "sevo-life-cycle-4-1775391412089",
  "context": {
    "fitness": 0.711,
    "branches": 1,
    "survivalRate": 1,
    "beautyScore": 0.6,
    "efficiency": 0.157,
    "beauty": {
      "symmetry": 0.584,
      "complexity": 0.906,
      "rhythm": 0.264,
      "colorHarmony": 0.72,
      "coverage": 0.442
    },
    "totalTicks": 200,
    "avgAge": 200,
    "correct": 8,
    "total": 8
  }
}