{
  "@context": "sevo://v1",
  "@type": "Fitness",
  "@id": "fitness-agent-life-v3-1775390014691-sevo-life-cycle-6-1775391207562",
  "timestamp": "2026-04-05T12:13:27.908Z",
  "agent": "agent:life-v3-1775390014691",
  "eqs": 0.2839999999999999,
  "accuracy": 1,
  "magnitude": 0.009999999999999898,
  "branchesExplored": 1,
  "predictionError": 1,
  "cycleId": "sevo-life-cycle-6-1775391207562",
  "context": {
    "fitness": 0.695,
    "branches": 1,
    "survivalRate": 1,
    "beautyScore": 0.546,
    "efficiency": 0.153,
    "beauty": {
      "symmetry": 0.635,
      "complexity": 0.745,
      "rhythm": 0.168,
      "colorHarmony": 0.72,
      "coverage": 0.4
    },
    "totalTicks": 200,
    "avgAge": 200,
    "correct": 8,
    "total": 8
  }
}