{
  "@context": "sevo://v1",
  "@type": "Fitness",
  "@id": "fitness-agent-life-v3-1775390014691-sevo-life-cycle-1-1775391591076",
  "timestamp": "2026-04-05T12:19:51.505Z",
  "agent": "agent:life-v3-1775390014691",
  "eqs": 0.31639999999999996,
  "accuracy": 1,
  "magnitude": 0.06399999999999995,
  "branchesExplored": 1,
  "predictionError": 1,
  "cycleId": "sevo-life-cycle-1-1775391591076",
  "context": {
    "fitness": 0.695,
    "branches": 1,
    "survivalRate": 1,
    "beautyScore": 0.553,
    "efficiency": 0.144,
    "beauty": {
      "symmetry": 0.462,
      "complexity": 0.908,
      "rhythm": 0.186,
      "colorHarmony": 0.72,
      "coverage": 0.433
    },
    "totalTicks": 200,
    "avgAge": 200,
    "correct": 8,
    "total": 8
  }
}