{
  "@context": "sevo://v1",
  "@type": "Fitness",
  "@id": "fitness-agent-life-v3-1775391792883-sevo-life-cycle-3-1775404520325",
  "timestamp": "2026-04-05T15:55:21.811Z",
  "agent": "agent:life-v3-1775391792883",
  "eqs": 0.28659999999999997,
  "accuracy": 1,
  "magnitude": 0.01100000000000001,
  "branchesExplored": 1,
  "predictionError": 1,
  "cycleId": "sevo-life-cycle-3-1775404520325",
  "context": {
    "fitness": 0.7,
    "branches": 1,
    "survivalRate": 1,
    "beautyScore": 0.567,
    "efficiency": 0.15,
    "beauty": {
      "symmetry": 0.517,
      "complexity": 0.911,
      "rhythm": 0.159,
      "colorHarmony": 0.72,
      "coverage": 0.467
    },
    "totalTicks": 200,
    "avgAge": 200,
    "correct": 8,
    "total": 8
  }
}