{
  "@context": "sevo://v1",
  "@type": "Fitness",
  "@id": "fitness-agent-life-v3-1775391566502-sevo-life-cycle-5-1775393763195",
  "timestamp": "2026-04-05T12:56:05.144Z",
  "agent": "agent:life-v3-1775391566502",
  "eqs": 0.32439999999999997,
  "accuracy": 1,
  "magnitude": 0.07399999999999995,
  "branchesExplored": 1,
  "predictionError": 1,
  "cycleId": "sevo-life-cycle-5-1775393763195",
  "context": {
    "fitness": 0.7,
    "branches": 1,
    "survivalRate": 1,
    "beautyScore": 0.562,
    "efficiency": 0.158,
    "beauty": {
      "symmetry": 0.56,
      "complexity": 0.795,
      "rhythm": 0.287,
      "colorHarmony": 0.72,
      "coverage": 0.388
    },
    "totalTicks": 200,
    "avgAge": 200,
    "correct": 8,
    "total": 8
  }
}