{
  "@context": "sevo://v1",
  "@type": "Fitness",
  "@id": "fitness-agent-life-v4-1775390697152-sevo-life-cycle-3-1775391387962",
  "timestamp": "2026-04-05T12:16:28.794Z",
  "agent": "agent:life-v4-1775390697152",
  "eqs": 0.28440000000000004,
  "accuracy": 1,
  "magnitude": 0.008000000000000007,
  "branchesExplored": 1,
  "predictionError": 1,
  "cycleId": "sevo-life-cycle-3-1775391387962",
  "context": {
    "fitness": 0.699,
    "branches": 1,
    "survivalRate": 1,
    "beautyScore": 0.56,
    "efficiency": 0.154,
    "beauty": {
      "symmetry": 0.563,
      "complexity": 0.887,
      "rhythm": 0.181,
      "colorHarmony": 0.72,
      "coverage": 0.354
    },
    "totalTicks": 200,
    "avgAge": 200,
    "correct": 8,
    "total": 8
  }
}