{
  "@context": "sevo://v1",
  "@type": "Fitness",
  "@id": "fitness-agent-life-v3-1775390846762-sevo-life-cycle-7-1775391486365",
  "timestamp": "2026-04-05T12:18:06.631Z",
  "agent": "agent:life-v3-1775390846762",
  "eqs": 0.31439999999999996,
  "accuracy": 1,
  "magnitude": 0.05999999999999994,
  "branchesExplored": 1,
  "predictionError": 1,
  "cycleId": "sevo-life-cycle-7-1775391486365",
  "context": {
    "fitness": 0.696,
    "branches": 1,
    "survivalRate": 1,
    "beautyScore": 0.545,
    "efficiency": 0.16,
    "beauty": {
      "symmetry": 0.582,
      "complexity": 0.83,
      "rhythm": 0.125,
      "colorHarmony": 0.72,
      "coverage": 0.396
    },
    "totalTicks": 200,
    "avgAge": 200,
    "correct": 8,
    "total": 8
  }
}