{
  "@context": "sevo://v1",
  "@type": "Fitness",
  "@id": "fitness-agent-life-v3-1775390846762-sevo-life-cycle-5-1775392969631",
  "timestamp": "2026-04-05T12:42:49.967Z",
  "agent": "agent:life-v3-1775390846762",
  "eqs": 0.31239999999999996,
  "accuracy": 1,
  "magnitude": 0.05799999999999994,
  "branchesExplored": 1,
  "predictionError": 1,
  "cycleId": "sevo-life-cycle-5-1775392969631",
  "context": {
    "fitness": 0.694,
    "branches": 1,
    "survivalRate": 1,
    "beautyScore": 0.553,
    "efficiency": 0.14,
    "beauty": {
      "symmetry": 0.626,
      "complexity": 0.763,
      "rhythm": 0.187,
      "colorHarmony": 0.72,
      "coverage": 0.4
    },
    "totalTicks": 200,
    "avgAge": 200,
    "correct": 8,
    "total": 8
  }
}