{
  "@context": "sevo://v1",
  "@type": "Fitness",
  "@id": "fitness-agent-life-v3-1775390014691-sevo-life-cycle-7-1775390097241",
  "timestamp": "2026-04-05T11:54:57.476Z",
  "agent": "agent:life-v3-1775390014691",
  "eqs": 0.30160000000000003,
  "accuracy": 1,
  "magnitude": 0.04600000000000004,
  "branchesExplored": 1,
  "predictionError": 1,
  "cycleId": "sevo-life-cycle-7-1775390097241",
  "context": {
    "fitness": 0.685,
    "branches": 1,
    "survivalRate": 1,
    "beautyScore": 0.523,
    "efficiency": 0.141,
    "beauty": {
      "symmetry": 0.491,
      "complexity": 0.837,
      "rhythm": 0.204,
      "colorHarmony": 0.683,
      "coverage": 0.321
    },
    "totalTicks": 200,
    "avgAge": 200,
    "correct": 8,
    "total": 8
  }
}