{
  "@context": "sevo://v1",
  "@type": "Fitness",
  "@id": "fitness-agent-life-v3-1775390014691-sevo-life-cycle-4-1775404120765",
  "timestamp": "2026-04-05T15:48:41.648Z",
  "agent": "agent:life-v3-1775390014691",
  "eqs": 0.31739999999999996,
  "accuracy": 1,
  "magnitude": 0.06499999999999995,
  "branchesExplored": 1,
  "predictionError": 1,
  "cycleId": "sevo-life-cycle-4-1775404120765",
  "context": {
    "fitness": 0.696,
    "branches": 1,
    "survivalRate": 1,
    "beautyScore": 0.55,
    "efficiency": 0.157,
    "beauty": {
      "symmetry": 0.507,
      "complexity": 0.865,
      "rhythm": 0.212,
      "colorHarmony": 0.72,
      "coverage": 0.375
    },
    "totalTicks": 200,
    "avgAge": 200,
    "correct": 8,
    "total": 8
  }
}