{
  "@context": "sevo://v1",
  "@type": "Fitness",
  "@id": "fitness-agent-life-v3-1775392671841-sevo-life-cycle-4-1775394014915",
  "timestamp": "2026-04-05T13:00:18.086Z",
  "agent": "agent:life-v3-1775392671841",
  "eqs": 0.28539999999999993,
  "accuracy": 1,
  "magnitude": 0.010999999999999899,
  "branchesExplored": 1,
  "predictionError": 1,
  "cycleId": "sevo-life-cycle-4-1775394014915",
  "context": {
    "fitness": 0.697,
    "branches": 1,
    "survivalRate": 1,
    "beautyScore": 0.553,
    "efficiency": 0.154,
    "beauty": {
      "symmetry": 0.651,
      "complexity": 0.743,
      "rhythm": 0.104,
      "colorHarmony": 0.72,
      "coverage": 0.502
    },
    "totalTicks": 200,
    "avgAge": 200,
    "correct": 8,
    "total": 8
  }
}