{
  "@context": "sevo://v1",
  "@type": "Fitness",
  "@id": "fitness-agent-life-v2-1775386725877-sevo-life-cycle-3-1775391131227",
  "timestamp": "2026-04-05T12:12:12.140Z",
  "agent": "agent:life-v2-1775386725877",
  "eqs": 0.3066000000000001,
  "accuracy": 1,
  "magnitude": 0.05300000000000005,
  "branchesExplored": 1,
  "predictionError": 1,
  "cycleId": "sevo-life-cycle-3-1775391131227",
  "context": {
    "fitness": 0.687,
    "branches": 1,
    "survivalRate": 1,
    "beautyScore": 0.521,
    "efficiency": 0.15,
    "beauty": {
      "symmetry": 0.558,
      "complexity": 0.826,
      "rhythm": 0.111,
      "colorHarmony": 0.683,
      "coverage": 0.338
    },
    "totalTicks": 200,
    "avgAge": 200,
    "correct": 8,
    "total": 8
  }
}