{
  "@context": "sevo://v1",
  "@type": "Fitness",
  "@id": "fitness-agent-life-v2-1775386935596-sevo-life-cycle-8-1775388967212",
  "timestamp": "2026-04-05T11:36:07.522Z",
  "agent": "agent:life-v2-1775386935596",
  "eqs": 0.31339999999999996,
  "accuracy": 1,
  "magnitude": 0.06099999999999994,
  "branchesExplored": 1,
  "predictionError": 1,
  "cycleId": "sevo-life-cycle-8-1775388967212",
  "context": {
    "fitness": 0.692,
    "branches": 1,
    "survivalRate": 1,
    "beautyScore": 0.538,
    "efficiency": 0.151,
    "beauty": {
      "symmetry": 0.395,
      "complexity": 0.943,
      "rhythm": 0.22,
      "colorHarmony": 0.767,
      "coverage": 0.296
    },
    "totalTicks": 200,
    "avgAge": 200,
    "correct": 8,
    "total": 8
  }
}