{
  "@context": "sevo://v1",
  "@type": "Fitness",
  "@id": "fitness-agent-life-v3-1775390961181-sevo-life-cycle-5-1775392174196",
  "timestamp": "2026-04-05T12:29:35.343Z",
  "agent": "agent:life-v3-1775390961181",
  "eqs": 0.31039999999999995,
  "accuracy": 1,
  "magnitude": 0.05399999999999994,
  "branchesExplored": 1,
  "predictionError": 1,
  "cycleId": "sevo-life-cycle-5-1775392174196",
  "context": {
    "fitness": 0.695,
    "branches": 1,
    "survivalRate": 1,
    "beautyScore": 0.552,
    "efficiency": 0.145,
    "beauty": {
      "symmetry": 0.543,
      "complexity": 0.883,
      "rhythm": 0.17,
      "colorHarmony": 0.72,
      "coverage": 0.358
    },
    "totalTicks": 200,
    "avgAge": 200,
    "correct": 8,
    "total": 8
  }
}