{
  "@context": "sevo://v1",
  "@type": "Fitness",
  "@id": "fitness-agent-life-v3-1775391889151-sevo-life-cycle-9-1775392281283",
  "timestamp": "2026-04-05T12:31:23.112Z",
  "agent": "agent:life-v3-1775391889151",
  "eqs": 0.32339999999999997,
  "accuracy": 1,
  "magnitude": 0.07299999999999995,
  "branchesExplored": 1,
  "predictionError": 1,
  "cycleId": "sevo-life-cycle-9-1775392281283",
  "context": {
    "fitness": 0.699,
    "branches": 1,
    "survivalRate": 1,
    "beautyScore": 0.571,
    "efficiency": 0.14,
    "beauty": {
      "symmetry": 0.547,
      "complexity": 0.893,
      "rhythm": 0.164,
      "colorHarmony": 0.72,
      "coverage": 0.471
    },
    "totalTicks": 200,
    "avgAge": 200,
    "correct": 8,
    "total": 8
  }
}