{
  "@context": "sevo://v1",
  "@type": "Fitness",
  "@id": "fitness-agent-life-v3-1775390091883-sevo-life-cycle-6-1775392725761",
  "timestamp": "2026-04-05T12:38:46.384Z",
  "agent": "agent:life-v3-1775390091883",
  "eqs": 0.3052000000000001,
  "accuracy": 1,
  "magnitude": 0.05400000000000005,
  "branchesExplored": 1,
  "predictionError": 1,
  "cycleId": "sevo-life-cycle-6-1775392725761",
  "context": {
    "fitness": 0.682,
    "branches": 1,
    "survivalRate": 1,
    "beautyScore": 0.511,
    "efficiency": 0.145,
    "beauty": {
      "symmetry": 0.289,
      "complexity": 0.98,
      "rhythm": 0.207,
      "colorHarmony": 0.72,
      "coverage": 0.296
    },
    "totalTicks": 200,
    "avgAge": 200,
    "correct": 8,
    "total": 8
  }
}