{
  "@context": "sevo://v1",
  "@type": "Fitness",
  "@id": "fitness-agent-life-v2-1775386935596-sevo-life-cycle-8-1775391997395",
  "timestamp": "2026-04-05T12:26:38.979Z",
  "agent": "agent:life-v2-1775386935596",
  "eqs": 0.31159999999999993,
  "accuracy": 1,
  "magnitude": 0.05599999999999994,
  "branchesExplored": 1,
  "predictionError": 1,
  "cycleId": "sevo-life-cycle-8-1775391997395",
  "context": {
    "fitness": 0.695,
    "branches": 1,
    "survivalRate": 1,
    "beautyScore": 0.547,
    "efficiency": 0.152,
    "beauty": {
      "symmetry": 0.476,
      "complexity": 0.933,
      "rhythm": 0.201,
      "colorHarmony": 0.72,
      "coverage": 0.313
    },
    "totalTicks": 200,
    "avgAge": 200,
    "correct": 8,
    "total": 8
  }
}