{
  "@context": "sevo://v1",
  "@type": "Fitness",
  "@id": "fitness-agent-life-v3-1775391566502-sevo-life-cycle-1-1775394325439",
  "timestamp": "2026-04-05T13:05:27.647Z",
  "agent": "agent:life-v3-1775391566502",
  "eqs": 0.31339999999999996,
  "accuracy": 1,
  "magnitude": 0.06299999999999994,
  "branchesExplored": 1,
  "predictionError": 1,
  "cycleId": "sevo-life-cycle-1-1775394325439",
  "context": {
    "fitness": 0.689,
    "branches": 1,
    "survivalRate": 1,
    "beautyScore": 0.533,
    "efficiency": 0.145,
    "beauty": {
      "symmetry": 0.565,
      "complexity": 0.839,
      "rhythm": 0.104,
      "colorHarmony": 0.767,
      "coverage": 0.304
    },
    "totalTicks": 200,
    "avgAge": 200,
    "correct": 8,
    "total": 8
  }
}