{
  "@context": "sevo://v1",
  "@type": "Fitness",
  "@id": "fitness-agent-life-v3-1775390961181-sevo-life-cycle-9-1775393072571",
  "timestamp": "2026-04-05T12:44:33.806Z",
  "agent": "agent:life-v3-1775390961181",
  "eqs": 0.29940000000000005,
  "accuracy": 1,
  "magnitude": 0.04300000000000004,
  "branchesExplored": 1,
  "predictionError": 1,
  "cycleId": "sevo-life-cycle-9-1775393072571",
  "context": {
    "fitness": 0.684,
    "branches": 1,
    "survivalRate": 1,
    "beautyScore": 0.516,
    "efficiency": 0.147,
    "beauty": {
      "symmetry": 0.527,
      "complexity": 0.879,
      "rhythm": 0.017,
      "colorHarmony": 0.72,
      "coverage": 0.354
    },
    "totalTicks": 200,
    "avgAge": 200,
    "correct": 8,
    "total": 8
  }
}