{
  "@context": "sevo://v1",
  "@type": "Fitness",
  "@id": "fitness-agent-life-v2-1775386725877-sevo-life-cycle-1-1775391341218",
  "timestamp": "2026-04-05T12:15:42.233Z",
  "agent": "agent:life-v2-1775386725877",
  "eqs": 0.31459999999999994,
  "accuracy": 1,
  "magnitude": 0.06099999999999994,
  "branchesExplored": 1,
  "predictionError": 1,
  "cycleId": "sevo-life-cycle-1-1775391341218",
  "context": {
    "fitness": 0.695,
    "branches": 1,
    "survivalRate": 1,
    "beautyScore": 0.547,
    "efficiency": 0.154,
    "beauty": {
      "symmetry": 0.432,
      "complexity": 0.909,
      "rhythm": 0.239,
      "colorHarmony": 0.72,
      "coverage": 0.375
    },
    "totalTicks": 200,
    "avgAge": 200,
    "correct": 8,
    "total": 8
  }
}