{
  "@context": "sevo://v1",
  "@type": "Fitness",
  "@id": "fitness-agent-life-v4-1775392095072-sevo-life-cycle-2-1775394352324",
  "timestamp": "2026-04-05T13:05:53.058Z",
  "agent": "agent:life-v4-1775392095072",
  "eqs": 0.31799999999999995,
  "accuracy": 1,
  "magnitude": 0.06599999999999995,
  "branchesExplored": 1,
  "predictionError": 1,
  "cycleId": "sevo-life-cycle-2-1775394352324",
  "context": {
    "fitness": 0.696,
    "branches": 1,
    "survivalRate": 1,
    "beautyScore": 0.56,
    "efficiency": 0.139,
    "beauty": {
      "symmetry": 0.571,
      "complexity": 0.823,
      "rhythm": 0.217,
      "colorHarmony": 0.72,
      "coverage": 0.404
    },
    "totalTicks": 200,
    "avgAge": 200,
    "correct": 8,
    "total": 8
  }
}