{
  "@context": "sevo://v1",
  "@type": "Fitness",
  "@id": "fitness-agent-life-v3-1775394223733-sevo-life-cycle-3-1775405023544",
  "timestamp": "2026-04-05T16:03:47.169Z",
  "agent": "agent:life-v3-1775394223733",
  "eqs": 0.2763999999999999,
  "accuracy": 1,
  "magnitude": 0.0019999999999998908,
  "branchesExplored": 1,
  "predictionError": 1,
  "cycleId": "sevo-life-cycle-3-1775405023544",
  "context": {
    "fitness": 0.688,
    "branches": 1,
    "survivalRate": 1,
    "beautyScore": 0.53,
    "efficiency": 0.147,
    "beauty": {
      "symmetry": 0.426,
      "complexity": 0.882,
      "rhythm": 0.249,
      "colorHarmony": 0.72,
      "coverage": 0.3
    },
    "totalTicks": 200,
    "avgAge": 200,
    "correct": 8,
    "total": 8
  }
}