{
  "@context": "sevo://v1",
  "@type": "Fitness",
  "@id": "fitness-agent-life-v3-1775394223733-sevo-life-cycle-5-1775403796046",
  "timestamp": "2026-04-05T15:43:19.293Z",
  "agent": "agent:life-v3-1775394223733",
  "eqs": 0.28739999999999993,
  "accuracy": 1,
  "magnitude": 0.0129999999999999,
  "branchesExplored": 1,
  "predictionError": 1,
  "cycleId": "sevo-life-cycle-5-1775403796046",
  "context": {
    "fitness": 0.699,
    "branches": 1,
    "survivalRate": 1,
    "beautyScore": 0.564,
    "efficiency": 0.151,
    "beauty": {
      "symmetry": 0.575,
      "complexity": 0.843,
      "rhythm": 0.166,
      "colorHarmony": 0.72,
      "coverage": 0.454
    },
    "totalTicks": 200,
    "avgAge": 200,
    "correct": 8,
    "total": 8
  }
}