{
  "@context": "sevo://v1",
  "@type": "Fitness",
  "@id": "fitness-agent-life-v3-1775389645056-sevo-life-cycle-4-1775390020068",
  "timestamp": "2026-04-05T11:53:40.432Z",
  "agent": "agent:life-v3-1775389645056",
  "eqs": 0.31499999999999995,
  "accuracy": 1,
  "magnitude": 0.06299999999999994,
  "branchesExplored": 1,
  "predictionError": 1,
  "cycleId": "sevo-life-cycle-4-1775390020068",
  "context": {
    "fitness": 0.693,
    "branches": 1,
    "survivalRate": 1,
    "beautyScore": 0.54,
    "efficiency": 0.154,
    "beauty": {
      "symmetry": 0.372,
      "complexity": 0.958,
      "rhythm": 0.27,
      "colorHarmony": 0.72,
      "coverage": 0.304
    },
    "totalTicks": 200,
    "avgAge": 200,
    "correct": 8,
    "total": 8
  }
}