{
  "@context": "sevo://v1",
  "@type": "Fitness",
  "@id": "fitness-agent-life-v3-1775392671841-sevo-life-cycle-2-1775395099143",
  "timestamp": "2026-04-05T13:18:22.186Z",
  "agent": "agent:life-v3-1775392671841",
  "eqs": 0.2783999999999999,
  "accuracy": 1,
  "magnitude": 0.0039999999999998925,
  "branchesExplored": 1,
  "predictionError": 1,
  "cycleId": "sevo-life-cycle-2-1775395099143",
  "context": {
    "fitness": 0.69,
    "branches": 1,
    "survivalRate": 1,
    "beautyScore": 0.53,
    "efficiency": 0.155,
    "beauty": {
      "symmetry": 0.494,
      "complexity": 0.888,
      "rhythm": 0.107,
      "colorHarmony": 0.72,
      "coverage": 0.367
    },
    "totalTicks": 200,
    "avgAge": 200,
    "correct": 8,
    "total": 8
  }
}