{
  "@context": "sevo://v1",
  "@type": "Fitness",
  "@id": "fitness-agent-life-v3-1775390918981-sevo-life-cycle-7-1775390966516",
  "timestamp": "2026-04-05T12:09:27.784Z",
  "agent": "agent:life-v3-1775390918981",
  "eqs": 0.30959999999999993,
  "accuracy": 1,
  "magnitude": 0.051999999999999935,
  "branchesExplored": 1,
  "predictionError": 1,
  "cycleId": "sevo-life-cycle-7-1775390966516",
  "context": {
    "fitness": 0.696,
    "branches": 1,
    "survivalRate": 1,
    "beautyScore": 0.55,
    "efficiency": 0.155,
    "beauty": {
      "symmetry": 0.62,
      "complexity": 0.757,
      "rhythm": 0.146,
      "colorHarmony": 0.72,
      "coverage": 0.454
    },
    "totalTicks": 200,
    "avgAge": 200,
    "correct": 8,
    "total": 8
  }
}