{
  "@context": "sevo://v1",
  "@type": "Fitness",
  "@id": "fitness-agent-life-v3-1775390961181-sevo-life-cycle-1-1775392341919",
  "timestamp": "2026-04-05T12:32:23.131Z",
  "agent": "agent:life-v3-1775390961181",
  "eqs": 0.31539999999999996,
  "accuracy": 1,
  "magnitude": 0.05899999999999994,
  "branchesExplored": 1,
  "predictionError": 1,
  "cycleId": "sevo-life-cycle-1-1775392341919",
  "context": {
    "fitness": 0.7,
    "branches": 1,
    "survivalRate": 1,
    "beautyScore": 0.572,
    "efficiency": 0.144,
    "beauty": {
      "symmetry": 0.561,
      "complexity": 0.912,
      "rhythm": 0.158,
      "colorHarmony": 0.72,
      "coverage": 0.429
    },
    "totalTicks": 200,
    "avgAge": 200,
    "correct": 8,
    "total": 8
  }
}