{
  "@context": "sevo://v1",
  "@type": "Fitness",
  "@id": "fitness-agent-life-v3-1775404376078-sevo-life-cycle-3-1775404520325",
  "timestamp": "2026-04-05T15:55:24.200Z",
  "agent": "agent:life-v3-1775404376078",
  "eqs": 0.3078000000000001,
  "accuracy": 1,
  "magnitude": 0.05500000000000005,
  "branchesExplored": 1,
  "predictionError": 1,
  "cycleId": "sevo-life-cycle-3-1775404520325",
  "context": {
    "fitness": 0.687,
    "branches": 1,
    "survivalRate": 1,
    "beautyScore": 0.527,
    "efficiency": 0.147,
    "beauty": {
      "symmetry": 0.406,
      "complexity": 0.955,
      "rhythm": 0.179,
      "colorHarmony": 0.683,
      "coverage": 0.321
    },
    "totalTicks": 200,
    "avgAge": 200,
    "correct": 8,
    "total": 8
  }
}