{
  "@context": "sevo://v1",
  "@type": "Fitness",
  "@id": "fitness-agent-life-v3-1775391792883-sevo-life-cycle-5-1775394427641",
  "timestamp": "2026-04-05T13:07:09.692Z",
  "agent": "agent:life-v3-1775391792883",
  "eqs": 0.27659999999999996,
  "accuracy": 1,
  "magnitude": 0.0010000000000000009,
  "branchesExplored": 1,
  "predictionError": 1,
  "cycleId": "sevo-life-cycle-5-1775394427641",
  "context": {
    "fitness": 0.69,
    "branches": 1,
    "survivalRate": 1,
    "beautyScore": 0.537,
    "efficiency": 0.145,
    "beauty": {
      "symmetry": 0.496,
      "complexity": 0.843,
      "rhythm": 0.233,
      "colorHarmony": 0.72,
      "coverage": 0.317
    },
    "totalTicks": 200,
    "avgAge": 200,
    "correct": 8,
    "total": 8
  }
}