{
  "@context": "sevo://v1",
  "@type": "Fitness",
  "@id": "fitness-agent-life-v3-1775390014691-sevo-life-cycle-8-1775392781425",
  "timestamp": "2026-04-05T12:39:41.915Z",
  "agent": "agent:life-v3-1775390014691",
  "eqs": 0.31939999999999996,
  "accuracy": 1,
  "magnitude": 0.06699999999999995,
  "branchesExplored": 1,
  "predictionError": 1,
  "cycleId": "sevo-life-cycle-8-1775392781425",
  "context": {
    "fitness": 0.698,
    "branches": 1,
    "survivalRate": 1,
    "beautyScore": 0.563,
    "efficiency": 0.144,
    "beauty": {
      "symmetry": 0.503,
      "complexity": 0.892,
      "rhythm": 0.222,
      "colorHarmony": 0.72,
      "coverage": 0.413
    },
    "totalTicks": 200,
    "avgAge": 200,
    "correct": 8,
    "total": 8
  }
}