{
  "@context": "sevo://v1",
  "@type": "Fitness",
  "@id": "fitness-agent-life-v2-1775386725877-sevo-life-cycle-10-1775392831414",
  "timestamp": "2026-04-05T12:40:32.775Z",
  "agent": "agent:life-v2-1775386725877",
  "eqs": 0.2849999999999999,
  "accuracy": 1,
  "magnitude": 0.010999999999999899,
  "branchesExplored": 1,
  "predictionError": 1,
  "cycleId": "sevo-life-cycle-10-1775392831414",
  "context": {
    "fitness": 0.696,
    "branches": 1,
    "survivalRate": 1,
    "beautyScore": 0.552,
    "efficiency": 0.154,
    "beauty": {
      "symmetry": 0.481,
      "complexity": 0.913,
      "rhythm": 0.203,
      "colorHarmony": 0.72,
      "coverage": 0.367
    },
    "totalTicks": 200,
    "avgAge": 200,
    "correct": 8,
    "total": 8
  }
}