{
  "@context": "sevo://v1",
  "@type": "Fitness",
  "@id": "fitness-agent-life-v3-1775390846762-sevo-life-cycle-3-1775395121720",
  "timestamp": "2026-04-05T13:18:42.408Z",
  "agent": "agent:life-v3-1775390846762",
  "eqs": 0.32439999999999997,
  "accuracy": 1,
  "magnitude": 0.06999999999999995,
  "branchesExplored": 1,
  "predictionError": 1,
  "cycleId": "sevo-life-cycle-3-1775395121720",
  "context": {
    "fitness": 0.706,
    "branches": 1,
    "survivalRate": 1,
    "beautyScore": 0.585,
    "efficiency": 0.151,
    "beauty": {
      "symmetry": 0.654,
      "complexity": 0.782,
      "rhythm": 0.218,
      "colorHarmony": 0.72,
      "coverage": 0.501
    },
    "totalTicks": 200,
    "avgAge": 200,
    "correct": 8,
    "total": 8
  }
}