{
  "@context": "sevo://v1",
  "@type": "Fitness",
  "@id": "fitness-agent-life-v3-1775390961181-sevo-life-cycle-7-1775392228330",
  "timestamp": "2026-04-05T12:30:29.455Z",
  "agent": "agent:life-v3-1775390961181",
  "eqs": 0.32239999999999996,
  "accuracy": 1,
  "magnitude": 0.06599999999999995,
  "branchesExplored": 1,
  "predictionError": 1,
  "cycleId": "sevo-life-cycle-7-1775392228330",
  "context": {
    "fitness": 0.707,
    "branches": 1,
    "survivalRate": 1,
    "beautyScore": 0.592,
    "efficiency": 0.146,
    "beauty": {
      "symmetry": 0.531,
      "complexity": 0.92,
      "rhythm": 0.303,
      "colorHarmony": 0.767,
      "coverage": 0.358
    },
    "totalTicks": 200,
    "avgAge": 200,
    "correct": 8,
    "total": 8
  }
}