{
  "@context": "sevo://v1",
  "@type": "Fitness",
  "@id": "fitness-agent-life-v3-1775390846762-sevo-life-cycle-8-1775392518817",
  "timestamp": "2026-04-05T12:35:19.388Z",
  "agent": "agent:life-v3-1775390846762",
  "eqs": 0.31039999999999995,
  "accuracy": 1,
  "magnitude": 0.05599999999999994,
  "branchesExplored": 1,
  "predictionError": 1,
  "cycleId": "sevo-life-cycle-8-1775392518817",
  "context": {
    "fitness": 0.692,
    "branches": 1,
    "survivalRate": 1,
    "beautyScore": 0.546,
    "efficiency": 0.142,
    "beauty": {
      "symmetry": 0.608,
      "complexity": 0.838,
      "rhythm": 0.078,
      "colorHarmony": 0.733,
      "coverage": 0.392
    },
    "totalTicks": 200,
    "avgAge": 200,
    "correct": 8,
    "total": 8
  }
}