{
  "@context": "sevo://v1",
  "@type": "Fitness",
  "@id": "fitness-agent-life-v4-1775392465121-sevo-life-cycle-4-1775394014915",
  "timestamp": "2026-04-05T13:00:17.741Z",
  "agent": "agent:life-v4-1775392465121",
  "eqs": 0.28640000000000004,
  "accuracy": 1,
  "magnitude": 0.008000000000000007,
  "branchesExplored": 1,
  "predictionError": 1,
  "cycleId": "sevo-life-cycle-4-1775394014915",
  "context": {
    "fitness": 0.704,
    "branches": 1,
    "survivalRate": 1,
    "beautyScore": 0.582,
    "efficiency": 0.148,
    "beauty": {
      "symmetry": 0.661,
      "complexity": 0.814,
      "rhythm": 0.156,
      "colorHarmony": 0.72,
      "coverage": 0.496
    },
    "totalTicks": 200,
    "avgAge": 200,
    "correct": 8,
    "total": 8
  }
}