{
  "@context": "sevo://v1",
  "@type": "Fitness",
  "@id": "fitness-agent-life-v3-1775391566502-sevo-life-cycle-1-1775392860137",
  "timestamp": "2026-04-05T12:41:01.780Z",
  "agent": "agent:life-v3-1775391566502",
  "eqs": 0.31839999999999996,
  "accuracy": 1,
  "magnitude": 0.06799999999999995,
  "branchesExplored": 1,
  "predictionError": 1,
  "cycleId": "sevo-life-cycle-1-1775392860137",
  "context": {
    "fitness": 0.694,
    "branches": 1,
    "survivalRate": 1,
    "beautyScore": 0.55,
    "efficiency": 0.145,
    "beauty": {
      "symmetry": 0.441,
      "complexity": 0.972,
      "rhythm": 0.186,
      "colorHarmony": 0.72,
      "coverage": 0.346
    },
    "totalTicks": 200,
    "avgAge": 200,
    "correct": 8,
    "total": 8
  }
}