{
  "@context": "sevo://v1",
  "@type": "Fitness",
  "@id": "fitness-agent-life-v3-1775389645056-sevo-life-cycle-10-1775392573440",
  "timestamp": "2026-04-05T12:36:14.547Z",
  "agent": "agent:life-v3-1775389645056",
  "eqs": 0.28219999999999995,
  "accuracy": 1,
  "magnitude": 0.007000000000000006,
  "branchesExplored": 1,
  "predictionError": 1,
  "cycleId": "sevo-life-cycle-10-1775392573440",
  "context": {
    "fitness": 0.695,
    "branches": 1,
    "survivalRate": 1,
    "beautyScore": 0.547,
    "efficiency": 0.152,
    "beauty": {
      "symmetry": 0.531,
      "complexity": 0.838,
      "rhythm": 0.213,
      "colorHarmony": 0.72,
      "coverage": 0.363
    },
    "totalTicks": 200,
    "avgAge": 200,
    "correct": 8,
    "total": 8
  }
}