{
  "@context": "sevo://v1",
  "@type": "Fitness",
  "@id": "fitness-agent-life-v4-1775391362987-sevo-life-cycle-2-1775392100385",
  "timestamp": "2026-04-05T12:28:20.809Z",
  "agent": "agent:life-v4-1775391362987",
  "eqs": 0.32559999999999995,
  "accuracy": 1,
  "magnitude": 0.07599999999999996,
  "branchesExplored": 1,
  "predictionError": 1,
  "cycleId": "sevo-life-cycle-2-1775392100385",
  "context": {
    "fitness": 0.7,
    "branches": 1,
    "survivalRate": 1,
    "beautyScore": 0.573,
    "efficiency": 0.141,
    "beauty": {
      "symmetry": 0.541,
      "complexity": 0.882,
      "rhythm": 0.207,
      "colorHarmony": 0.72,
      "coverage": 0.454
    },
    "totalTicks": 200,
    "avgAge": 200,
    "correct": 8,
    "total": 8
  }
}