{
  "@context": "sevo://v1",
  "@type": "Fitness",
  "@id": "fitness-agent-life-v3-1775391792883-sevo-life-cycle-2-1775404070774",
  "timestamp": "2026-04-05T15:47:52.201Z",
  "agent": "agent:life-v3-1775391792883",
  "eqs": 0.28159999999999996,
  "accuracy": 1,
  "magnitude": 0.006000000000000005,
  "branchesExplored": 1,
  "predictionError": 1,
  "cycleId": "sevo-life-cycle-2-1775404070774",
  "context": {
    "fitness": 0.695,
    "branches": 1,
    "survivalRate": 1,
    "beautyScore": 0.551,
    "efficiency": 0.15,
    "beauty": {
      "symmetry": 0.545,
      "complexity": 0.86,
      "rhythm": 0.122,
      "colorHarmony": 0.72,
      "coverage": 0.446
    },
    "totalTicks": 200,
    "avgAge": 200,
    "correct": 8,
    "total": 8
  }
}