{
  "@context": "sevo://v1",
  "@type": "Fitness",
  "@id": "fitness-agent-life-v3-1775391566502-sevo-life-cycle-8-1775391997395",
  "timestamp": "2026-04-05T12:26:38.849Z",
  "agent": "agent:life-v3-1775391566502",
  "eqs": 0.27959999999999996,
  "accuracy": 1,
  "magnitude": 0.0020000000000000018,
  "branchesExplored": 1,
  "predictionError": 1,
  "cycleId": "sevo-life-cycle-8-1775391997395",
  "context": {
    "fitness": 0.696,
    "branches": 1,
    "survivalRate": 1,
    "beautyScore": 0.556,
    "efficiency": 0.146,
    "beauty": {
      "symmetry": 0.596,
      "complexity": 0.812,
      "rhythm": 0.215,
      "colorHarmony": 0.72,
      "coverage": 0.354
    },
    "totalTicks": 200,
    "avgAge": 200,
    "correct": 8,
    "total": 8
  }
}