{
  "@context": "sevo://v1",
  "@type": "Fitness",
  "@id": "fitness-agent-life-v3-1775390961181-sevo-life-cycle-4-1775394402074",
  "timestamp": "2026-04-05T13:06:43.748Z",
  "agent": "agent:life-v3-1775390961181",
  "eqs": 0.2815999999999999,
  "accuracy": 1,
  "magnitude": 0.007999999999999896,
  "branchesExplored": 1,
  "predictionError": 1,
  "cycleId": "sevo-life-cycle-4-1775394402074",
  "context": {
    "fitness": 0.692,
    "branches": 1,
    "survivalRate": 1,
    "beautyScore": 0.541,
    "efficiency": 0.151,
    "beauty": {
      "symmetry": 0.473,
      "complexity": 0.944,
      "rhythm": 0.091,
      "colorHarmony": 0.767,
      "coverage": 0.358
    },
    "totalTicks": 200,
    "avgAge": 200,
    "correct": 8,
    "total": 8
  }
}