{
  "@context": "sevo://v1",
  "@type": "Fitness",
  "@id": "fitness-agent-life-v2-1775386935596-sevo-life-cycle-4-1775393201422",
  "timestamp": "2026-04-05T12:46:42.401Z",
  "agent": "agent:life-v2-1775386935596",
  "eqs": 0.30859999999999993,
  "accuracy": 1,
  "magnitude": 0.052999999999999936,
  "branchesExplored": 1,
  "predictionError": 1,
  "cycleId": "sevo-life-cycle-4-1775393201422",
  "context": {
    "fitness": 0.692,
    "branches": 1,
    "survivalRate": 1,
    "beautyScore": 0.54,
    "efficiency": 0.148,
    "beauty": {
      "symmetry": 0.351,
      "complexity": 0.914,
      "rhythm": 0.32,
      "colorHarmony": 0.767,
      "coverage": 0.3
    },
    "totalTicks": 200,
    "avgAge": 200,
    "correct": 8,
    "total": 8
  }
}