{
  "@context": "sevo://v1",
  "@type": "Fitness",
  "@id": "fitness-agent-life-v3-1775392671841-sevo-life-cycle-10-1775392831414",
  "timestamp": "2026-04-05T12:40:33.246Z",
  "agent": "agent:life-v3-1775392671841",
  "eqs": 0.28159999999999996,
  "accuracy": 1,
  "magnitude": 0.006000000000000005,
  "branchesExplored": 1,
  "predictionError": 1,
  "cycleId": "sevo-life-cycle-10-1775392831414",
  "context": {
    "fitness": 0.695,
    "branches": 1,
    "survivalRate": 1,
    "beautyScore": 0.553,
    "efficiency": 0.147,
    "beauty": {
      "symmetry": 0.529,
      "complexity": 0.883,
      "rhythm": 0.162,
      "colorHarmony": 0.72,
      "coverage": 0.396
    },
    "totalTicks": 200,
    "avgAge": 200,
    "correct": 8,
    "total": 8
  }
}