{
  "@context": "sevo://v1",
  "@type": "Fitness",
  "@id": "fitness-agent-life-v3-1775391566502-sevo-life-cycle-5-1775394427641",
  "timestamp": "2026-04-05T13:07:10.939Z",
  "agent": "agent:life-v3-1775391566502",
  "eqs": 0.32639999999999997,
  "accuracy": 1,
  "magnitude": 0.07599999999999996,
  "branchesExplored": 1,
  "predictionError": 1,
  "cycleId": "sevo-life-cycle-5-1775394427641",
  "context": {
    "fitness": 0.702,
    "branches": 1,
    "survivalRate": 1,
    "beautyScore": 0.578,
    "efficiency": 0.143,
    "beauty": {
      "symmetry": 0.615,
      "complexity": 0.818,
      "rhythm": 0.313,
      "colorHarmony": 0.72,
      "coverage": 0.325
    },
    "totalTicks": 200,
    "avgAge": 200,
    "correct": 8,
    "total": 8
  }
}