{
  "@context": "sevo://v1",
  "@type": "Fitness",
  "@id": "fitness-agent-life-v3-1775390846762-sevo-life-cycle-5-1775394045789",
  "timestamp": "2026-04-05T13:00:46.362Z",
  "agent": "agent:life-v3-1775390846762",
  "eqs": 0.31839999999999996,
  "accuracy": 1,
  "magnitude": 0.06399999999999995,
  "branchesExplored": 1,
  "predictionError": 1,
  "cycleId": "sevo-life-cycle-5-1775394045789",
  "context": {
    "fitness": 0.7,
    "branches": 1,
    "survivalRate": 1,
    "beautyScore": 0.564,
    "efficiency": 0.153,
    "beauty": {
      "symmetry": 0.517,
      "complexity": 0.903,
      "rhythm": 0.24,
      "colorHarmony": 0.72,
      "coverage": 0.354
    },
    "totalTicks": 200,
    "avgAge": 200,
    "correct": 8,
    "total": 8
  }
}