{
  "@context": "sevo://v1",
  "@type": "Fitness",
  "@id": "fitness-agent-life-v2-1775386725877-sevo-life-cycle-8-1775393044954",
  "timestamp": "2026-04-05T12:44:06.348Z",
  "agent": "agent:life-v2-1775386725877",
  "eqs": 0.2799999999999999,
  "accuracy": 1,
  "magnitude": 0.005999999999999894,
  "branchesExplored": 1,
  "predictionError": 1,
  "cycleId": "sevo-life-cycle-8-1775393044954",
  "context": {
    "fitness": 0.691,
    "branches": 1,
    "survivalRate": 1,
    "beautyScore": 0.535,
    "efficiency": 0.155,
    "beauty": {
      "symmetry": 0.554,
      "complexity": 0.853,
      "rhythm": 0.039,
      "colorHarmony": 0.72,
      "coverage": 0.45
    },
    "totalTicks": 200,
    "avgAge": 200,
    "correct": 8,
    "total": 8
  }
}