{
  "@context": "sevo://v1",
  "@type": "Fitness",
  "@id": "fitness-agent-life-v4-1775392095072-sevo-life-cycle-4-1775394014915",
  "timestamp": "2026-04-05T13:00:15.441Z",
  "agent": "agent:life-v4-1775392095072",
  "eqs": 0.26000000000000006,
  "accuracy": 1,
  "magnitude": 0.008000000000000007,
  "branchesExplored": 1,
  "predictionError": 1,
  "cycleId": "sevo-life-cycle-4-1775394014915",
  "context": {
    "fitness": 0.638,
    "branches": 1,
    "survivalRate": 0.875,
    "beautyScore": 0.578,
    "efficiency": 0.136,
    "beauty": {
      "symmetry": 0.719,
      "complexity": 0.743,
      "rhythm": 0.148,
      "colorHarmony": 0.733,
      "coverage": 0.483
    },
    "totalTicks": 200,
    "avgAge": 182,
    "correct": 7,
    "total": 8
  }
}