{
  "@context": "sevo://v1",
  "@type": "Fitness",
  "@id": "fitness-agent-life-v3-1775390014691-sevo-life-cycle-5-1775394045789",
  "timestamp": "2026-04-05T13:00:46.529Z",
  "agent": "agent:life-v3-1775390014691",
  "eqs": 0.30540000000000006,
  "accuracy": 1,
  "magnitude": 0.05300000000000005,
  "branchesExplored": 1,
  "predictionError": 1,
  "cycleId": "sevo-life-cycle-5-1775394045789",
  "context": {
    "fitness": 0.684,
    "branches": 1,
    "survivalRate": 1,
    "beautyScore": 0.506,
    "efficiency": 0.159,
    "beauty": {
      "symmetry": 0.484,
      "complexity": 0.866,
      "rhythm": 0.067,
      "colorHarmony": 0.72,
      "coverage": 0.313
    },
    "totalTicks": 200,
    "avgAge": 200,
    "correct": 8,
    "total": 8
  }
}