{
  "@context": "sevo://v1",
  "@type": "Fitness",
  "@id": "fitness-agent-life-v3-1775389645056-sevo-life-cycle-6-1775390682242",
  "timestamp": "2026-04-05T12:04:42.698Z",
  "agent": "agent:life-v3-1775389645056",
  "eqs": 0.30900000000000005,
  "accuracy": 1,
  "magnitude": 0.05700000000000005,
  "branchesExplored": 1,
  "predictionError": 1,
  "cycleId": "sevo-life-cycle-6-1775390682242",
  "context": {
    "fitness": 0.687,
    "branches": 1,
    "survivalRate": 1,
    "beautyScore": 0.529,
    "efficiency": 0.139,
    "beauty": {
      "symmetry": 0.586,
      "complexity": 0.801,
      "rhythm": 0.024,
      "colorHarmony": 0.72,
      "coverage": 0.463
    },
    "totalTicks": 200,
    "avgAge": 200,
    "correct": 8,
    "total": 8
  }
}