{
  "@context": "sevo://v1",
  "@type": "Fitness",
  "@id": "fitness-agent-life-v3-1775390918981-sevo-life-cycle-6-1775391207562",
  "timestamp": "2026-04-05T12:13:28.861Z",
  "agent": "agent:life-v3-1775390918981",
  "eqs": 0.28640000000000004,
  "accuracy": 1,
  "magnitude": 0.008000000000000007,
  "branchesExplored": 1,
  "predictionError": 1,
  "cycleId": "sevo-life-cycle-6-1775391207562",
  "context": {
    "fitness": 0.704,
    "branches": 1,
    "survivalRate": 1,
    "beautyScore": 0.576,
    "efficiency": 0.159,
    "beauty": {
      "symmetry": 0.597,
      "complexity": 0.807,
      "rhythm": 0.244,
      "colorHarmony": 0.72,
      "coverage": 0.454
    },
    "totalTicks": 200,
    "avgAge": 200,
    "correct": 8,
    "total": 8
  }
}