{
  "@context": "sevo://v1",
  "@type": "Fitness",
  "@id": "fitness-agent-life-v2-1775386935596-sevo-life-cycle-5-1775393763195",
  "timestamp": "2026-04-05T12:56:05.336Z",
  "agent": "agent:life-v2-1775386935596",
  "eqs": 0.30260000000000004,
  "accuracy": 1,
  "magnitude": 0.04700000000000004,
  "branchesExplored": 1,
  "predictionError": 1,
  "cycleId": "sevo-life-cycle-5-1775393763195",
  "context": {
    "fitness": 0.686,
    "branches": 1,
    "survivalRate": 1,
    "beautyScore": 0.518,
    "efficiency": 0.154,
    "beauty": {
      "symmetry": 0.462,
      "complexity": 0.94,
      "rhythm": 0.07,
      "colorHarmony": 0.72,
      "coverage": 0.304
    },
    "totalTicks": 200,
    "avgAge": 200,
    "correct": 8,
    "total": 8
  }
}