{
  "@context": "sevo://v1",
  "@type": "Fitness",
  "@id": "fitness-agent-life-v3-1775390961181-sevo-life-cycle-3-1775393713893",
  "timestamp": "2026-04-05T12:55:15.458Z",
  "agent": "agent:life-v3-1775390961181",
  "eqs": 0.29259999999999997,
  "accuracy": 1,
  "magnitude": 0.018999999999999906,
  "branchesExplored": 1,
  "predictionError": 1,
  "cycleId": "sevo-life-cycle-3-1775393713893",
  "context": {
    "fitness": 0.703,
    "branches": 1,
    "survivalRate": 1,
    "beautyScore": 0.571,
    "efficiency": 0.157,
    "beauty": {
      "symmetry": 0.543,
      "complexity": 0.823,
      "rhythm": 0.351,
      "colorHarmony": 0.72,
      "coverage": 0.346
    },
    "totalTicks": 200,
    "avgAge": 200,
    "correct": 8,
    "total": 8
  }
}