{
  "@context": "sevo://v1",
  "@type": "Fitness",
  "@id": "fitness-agent-life-v3-1775389645056-sevo-life-cycle-6-1775390073669",
  "timestamp": "2026-04-05T11:54:34.004Z",
  "agent": "agent:life-v3-1775389645056",
  "eqs": 0.3050000000000001,
  "accuracy": 1,
  "magnitude": 0.05300000000000005,
  "branchesExplored": 1,
  "predictionError": 1,
  "cycleId": "sevo-life-cycle-6-1775390073669",
  "context": {
    "fitness": 0.683,
    "branches": 1,
    "survivalRate": 1,
    "beautyScore": 0.515,
    "efficiency": 0.145,
    "beauty": {
      "symmetry": 0.384,
      "complexity": 0.963,
      "rhythm": 0.116,
      "colorHarmony": 0.72,
      "coverage": 0.313
    },
    "totalTicks": 200,
    "avgAge": 200,
    "correct": 8,
    "total": 8
  }
}