{
  "@context": "sevo://v1",
  "@type": "Fitness",
  "@id": "fitness-agent-life-v3-1775390014691-sevo-life-cycle-9-1775392281283",
  "timestamp": "2026-04-05T12:31:21.742Z",
  "agent": "agent:life-v3-1775390014691",
  "eqs": 0.32839999999999997,
  "accuracy": 1,
  "magnitude": 0.07599999999999996,
  "branchesExplored": 1,
  "predictionError": 1,
  "cycleId": "sevo-life-cycle-9-1775392281283",
  "context": {
    "fitness": 0.707,
    "branches": 1,
    "survivalRate": 1,
    "beautyScore": 0.593,
    "efficiency": 0.148,
    "beauty": {
      "symmetry": 0.609,
      "complexity": 0.825,
      "rhythm": 0.277,
      "colorHarmony": 0.72,
      "coverage": 0.471
    },
    "totalTicks": 200,
    "avgAge": 200,
    "correct": 8,
    "total": 8
  }
}