{
  "@context": "sevo://v1",
  "@type": "Fitness",
  "@id": "fitness-agent-life-v3-1775394223733-sevo-life-cycle-4-1775394991282",
  "timestamp": "2026-04-05T13:16:34.100Z",
  "agent": "agent:life-v3-1775394223733",
  "eqs": 0.28939999999999994,
  "accuracy": 1,
  "magnitude": 0.014999999999999902,
  "branchesExplored": 1,
  "predictionError": 1,
  "cycleId": "sevo-life-cycle-4-1775394991282",
  "context": {
    "fitness": 0.701,
    "branches": 1,
    "survivalRate": 1,
    "beautyScore": 0.567,
    "efficiency": 0.154,
    "beauty": {
      "symmetry": 0.574,
      "complexity": 0.848,
      "rhythm": 0.228,
      "colorHarmony": 0.72,
      "coverage": 0.383
    },
    "totalTicks": 200,
    "avgAge": 200,
    "correct": 8,
    "total": 8
  }
}