{
  "@context": "sevo://v1",
  "@type": "Fitness",
  "@id": "fitness-agent-life-v2-1775386725877-sevo-life-cycle-6-1775391207562",
  "timestamp": "2026-04-05T12:13:28.480Z",
  "agent": "agent:life-v2-1775386725877",
  "eqs": 0.31059999999999993,
  "accuracy": 1,
  "magnitude": 0.05699999999999994,
  "branchesExplored": 1,
  "predictionError": 1,
  "cycleId": "sevo-life-cycle-6-1775391207562",
  "context": {
    "fitness": 0.691,
    "branches": 1,
    "survivalRate": 1,
    "beautyScore": 0.536,
    "efficiency": 0.151,
    "beauty": {
      "symmetry": 0.504,
      "complexity": 0.891,
      "rhythm": 0.129,
      "colorHarmony": 0.72,
      "coverage": 0.354
    },
    "totalTicks": 200,
    "avgAge": 200,
    "correct": 8,
    "total": 8
  }
}