{
  "@context": "sevo://v1",
  "@type": "Fitness",
  "@id": "fitness-agent-life-v3-1775392671841-sevo-life-cycle-5-1775394171852",
  "timestamp": "2026-04-05T13:02:54.229Z",
  "agent": "agent:life-v3-1775392671841",
  "eqs": 0.28839999999999993,
  "accuracy": 1,
  "magnitude": 0.013999999999999901,
  "branchesExplored": 1,
  "predictionError": 1,
  "cycleId": "sevo-life-cycle-5-1775394171852",
  "context": {
    "fitness": 0.7,
    "branches": 1,
    "survivalRate": 1,
    "beautyScore": 0.563,
    "efficiency": 0.157,
    "beauty": {
      "symmetry": 0.643,
      "complexity": 0.752,
      "rhythm": 0.162,
      "colorHarmony": 0.72,
      "coverage": 0.496
    },
    "totalTicks": 200,
    "avgAge": 200,
    "correct": 8,
    "total": 8
  }
}