{
  "@context": "sevo://v1",
  "@type": "Fitness",
  "@id": "fitness-agent-life-v3-1775391566502-sevo-life-cycle-5-1775404405614",
  "timestamp": "2026-04-05T15:53:28.346Z",
  "agent": "agent:life-v3-1775391566502",
  "eqs": 0.32139999999999996,
  "accuracy": 1,
  "magnitude": 0.07099999999999995,
  "branchesExplored": 1,
  "predictionError": 1,
  "cycleId": "sevo-life-cycle-5-1775404405614",
  "context": {
    "fitness": 0.697,
    "branches": 1,
    "survivalRate": 1,
    "beautyScore": 0.552,
    "efficiency": 0.156,
    "beauty": {
      "symmetry": 0.523,
      "complexity": 0.882,
      "rhythm": 0.118,
      "colorHarmony": 0.72,
      "coverage": 0.463
    },
    "totalTicks": 200,
    "avgAge": 200,
    "correct": 8,
    "total": 8
  }
}