{
  "@context": "sevo://v1",
  "@type": "Fitness",
  "@id": "fitness-agent-life-v2-1775386725877-sevo-life-cycle-2-1775391853279",
  "timestamp": "2026-04-05T12:24:14.445Z",
  "agent": "agent:life-v2-1775386725877",
  "eqs": 0.2909999999999999,
  "accuracy": 1,
  "magnitude": 0.016999999999999904,
  "branchesExplored": 1,
  "predictionError": 1,
  "cycleId": "sevo-life-cycle-2-1775391853279",
  "context": {
    "fitness": 0.702,
    "branches": 1,
    "survivalRate": 1,
    "beautyScore": 0.573,
    "efficiency": 0.152,
    "beauty": {
      "symmetry": 0.556,
      "complexity": 0.87,
      "rhythm": 0.266,
      "colorHarmony": 0.72,
      "coverage": 0.371
    },
    "totalTicks": 200,
    "avgAge": 200,
    "correct": 8,
    "total": 8
  }
}