{
  "@context": "sevo://v1",
  "@type": "Fitness",
  "@id": "fitness-agent-life-v3-1775390846762-sevo-life-cycle-5-1775392442875",
  "timestamp": "2026-04-05T12:34:03.180Z",
  "agent": "agent:life-v3-1775390846762",
  "eqs": 0.31039999999999995,
  "accuracy": 1,
  "magnitude": 0.05599999999999994,
  "branchesExplored": 1,
  "predictionError": 1,
  "cycleId": "sevo-life-cycle-5-1775392442875",
  "context": {
    "fitness": 0.692,
    "branches": 1,
    "survivalRate": 1,
    "beautyScore": 0.544,
    "efficiency": 0.142,
    "beauty": {
      "symmetry": 0.554,
      "complexity": 0.828,
      "rhythm": 0.138,
      "colorHarmony": 0.72,
      "coverage": 0.417
    },
    "totalTicks": 200,
    "avgAge": 200,
    "correct": 8,
    "total": 8
  }
}