{
  "@context": "sevo://v1",
  "@type": "Fitness",
  "@id": "fitness-agent-life-v3-1775390846762-sevo-life-cycle-4-1775392939943",
  "timestamp": "2026-04-05T12:42:20.288Z",
  "agent": "agent:life-v3-1775390846762",
  "eqs": 0.31339999999999996,
  "accuracy": 1,
  "magnitude": 0.05899999999999994,
  "branchesExplored": 1,
  "predictionError": 1,
  "cycleId": "sevo-life-cycle-4-1775392939943",
  "context": {
    "fitness": 0.695,
    "branches": 1,
    "survivalRate": 1,
    "beautyScore": 0.558,
    "efficiency": 0.138,
    "beauty": {
      "symmetry": 0.619,
      "complexity": 0.816,
      "rhythm": 0.189,
      "colorHarmony": 0.72,
      "coverage": 0.354
    },
    "totalTicks": 200,
    "avgAge": 200,
    "correct": 8,
    "total": 8
  }
}