{
  "@context": "sevo://v1",
  "@type": "Fitness",
  "@id": "fitness-agent-life-v3-1775390846762-sevo-life-cycle-2-1775395099143",
  "timestamp": "2026-04-05T13:18:19.883Z",
  "agent": "agent:life-v3-1775390846762",
  "eqs": 0.31739999999999996,
  "accuracy": 1,
  "magnitude": 0.06299999999999994,
  "branchesExplored": 1,
  "predictionError": 1,
  "cycleId": "sevo-life-cycle-2-1775395099143",
  "context": {
    "fitness": 0.699,
    "branches": 1,
    "survivalRate": 1,
    "beautyScore": 0.557,
    "efficiency": 0.158,
    "beauty": {
      "symmetry": 0.504,
      "complexity": 0.871,
      "rhythm": 0.241,
      "colorHarmony": 0.72,
      "coverage": 0.379
    },
    "totalTicks": 200,
    "avgAge": 200,
    "correct": 8,
    "total": 8
  }
}