{
  "@context": "sevo://v1",
  "@type": "Fitness",
  "@id": "fitness-agent-life-v3-1775390091883-sevo-life-cycle-1-1775394511235",
  "timestamp": "2026-04-05T13:08:32.343Z",
  "agent": "agent:life-v3-1775390091883",
  "eqs": 0.3181999999999999,
  "accuracy": 1,
  "magnitude": 0.06699999999999995,
  "branchesExplored": 1,
  "predictionError": 1,
  "cycleId": "sevo-life-cycle-1-1775394511235",
  "context": {
    "fitness": 0.695,
    "branches": 1,
    "survivalRate": 1,
    "beautyScore": 0.552,
    "efficiency": 0.147,
    "beauty": {
      "symmetry": 0.477,
      "complexity": 0.884,
      "rhythm": 0.224,
      "colorHarmony": 0.72,
      "coverage": 0.396
    },
    "totalTicks": 200,
    "avgAge": 200,
    "correct": 8,
    "total": 8
  }
}