{
  "@context": "sevo://v1",
  "@type": "Fitness",
  "@id": "fitness-agent-life-v3-1775390014691-sevo-life-cycle-5-1775404405614",
  "timestamp": "2026-04-05T15:53:26.505Z",
  "agent": "agent:life-v3-1775390014691",
  "eqs": 0.32239999999999996,
  "accuracy": 1,
  "magnitude": 0.06999999999999995,
  "branchesExplored": 1,
  "predictionError": 1,
  "cycleId": "sevo-life-cycle-5-1775404405614",
  "context": {
    "fitness": 0.701,
    "branches": 1,
    "survivalRate": 1,
    "beautyScore": 0.569,
    "efficiency": 0.153,
    "beauty": {
      "symmetry": 0.541,
      "complexity": 0.877,
      "rhythm": 0.154,
      "colorHarmony": 0.72,
      "coverage": 0.503
    },
    "totalTicks": 200,
    "avgAge": 200,
    "correct": 8,
    "total": 8
  }
}