{
  "@context": "sevo://v1",
  "@type": "Fitness",
  "@id": "fitness-agent-life-v3-1775391566502-sevo-life-cycle-4-1775394014915",
  "timestamp": "2026-04-05T13:00:17.576Z",
  "agent": "agent:life-v3-1775391566502",
  "eqs": 0.31939999999999996,
  "accuracy": 1,
  "magnitude": 0.06899999999999995,
  "branchesExplored": 1,
  "predictionError": 1,
  "cycleId": "sevo-life-cycle-4-1775394014915",
  "context": {
    "fitness": 0.695,
    "branches": 1,
    "survivalRate": 1,
    "beautyScore": 0.545,
    "efficiency": 0.156,
    "beauty": {
      "symmetry": 0.593,
      "complexity": 0.828,
      "rhythm": 0.08,
      "colorHarmony": 0.72,
      "coverage": 0.442
    },
    "totalTicks": 200,
    "avgAge": 200,
    "correct": 8,
    "total": 8
  }
}