{
  "@context": "sevo://v1",
  "@type": "Fitness",
  "@id": "fitness-agent-life-v3-1775390918981-sevo-life-cycle-1-1775392860137",
  "timestamp": "2026-04-05T12:41:02.431Z",
  "agent": "agent:life-v3-1775390918981",
  "eqs": 0.28400000000000003,
  "accuracy": 1,
  "magnitude": 0.008000000000000007,
  "branchesExplored": 1,
  "predictionError": 1,
  "cycleId": "sevo-life-cycle-1-1775392860137",
  "context": {
    "fitness": 0.698,
    "branches": 1,
    "survivalRate": 1,
    "beautyScore": 0.56,
    "efficiency": 0.15,
    "beauty": {
      "symmetry": 0.561,
      "complexity": 0.866,
      "rhythm": 0.162,
      "colorHarmony": 0.72,
      "coverage": 0.417
    },
    "totalTicks": 200,
    "avgAge": 200,
    "correct": 8,
    "total": 8
  }
}