{
  "@context": "sevo://v1",
  "@type": "Fitness",
  "@id": "fitness-agent-life-v3-1775391566502-sevo-life-cycle-3-1775395121720",
  "timestamp": "2026-04-05T13:18:44.120Z",
  "agent": "agent:life-v3-1775391566502",
  "eqs": 0.32839999999999997,
  "accuracy": 1,
  "magnitude": 0.07799999999999996,
  "branchesExplored": 1,
  "predictionError": 1,
  "cycleId": "sevo-life-cycle-3-1775395121720",
  "context": {
    "fitness": 0.704,
    "branches": 1,
    "survivalRate": 1,
    "beautyScore": 0.574,
    "efficiency": 0.158,
    "beauty": {
      "symmetry": 0.584,
      "complexity": 0.875,
      "rhythm": 0.136,
      "colorHarmony": 0.72,
      "coverage": 0.492
    },
    "totalTicks": 200,
    "avgAge": 200,
    "correct": 8,
    "total": 8
  }
}