{
  "@context": "sevo://v1",
  "@type": "Fitness",
  "@id": "fitness-agent-life-v3-1775390846762-sevo-life-cycle-3-1775392123979",
  "timestamp": "2026-04-05T12:28:44.288Z",
  "agent": "agent:life-v3-1775390846762",
  "eqs": 0.30839999999999995,
  "accuracy": 1,
  "magnitude": 0.05399999999999994,
  "branchesExplored": 1,
  "predictionError": 1,
  "cycleId": "sevo-life-cycle-3-1775392123979",
  "context": {
    "fitness": 0.69,
    "branches": 1,
    "survivalRate": 1,
    "beautyScore": 0.545,
    "efficiency": 0.134,
    "beauty": {
      "symmetry": 0.606,
      "complexity": 0.827,
      "rhythm": 0.122,
      "colorHarmony": 0.72,
      "coverage": 0.363
    },
    "totalTicks": 200,
    "avgAge": 200,
    "correct": 8,
    "total": 8
  }
}