{
  "@context": "sevo://v1",
  "@type": "Fitness",
  "@id": "fitness-agent-life-v2-1775386935596-sevo-life-cycle-1-1775404802777",
  "timestamp": "2026-04-05T16:00:06.392Z",
  "agent": "agent:life-v2-1775386935596",
  "eqs": 0.30060000000000003,
  "accuracy": 1,
  "magnitude": 0.04500000000000004,
  "branchesExplored": 1,
  "predictionError": 1,
  "cycleId": "sevo-life-cycle-1-1775404802777",
  "context": {
    "fitness": 0.684,
    "branches": 1,
    "survivalRate": 1,
    "beautyScore": 0.512,
    "efficiency": 0.15,
    "beauty": {
      "symmetry": 0.452,
      "complexity": 0.925,
      "rhythm": 0.039,
      "colorHarmony": 0.72,
      "coverage": 0.346
    },
    "totalTicks": 200,
    "avgAge": 200,
    "correct": 8,
    "total": 8
  }
}