{
  "@context": "sevo://v1",
  "@type": "Fitness",
  "@id": "fitness-agent-life-v3-1775390014691-sevo-life-cycle-10-1775391798160",
  "timestamp": "2026-04-05T12:23:18.566Z",
  "agent": "agent:life-v3-1775390014691",
  "eqs": 0.32039999999999996,
  "accuracy": 1,
  "magnitude": 0.06799999999999995,
  "branchesExplored": 1,
  "predictionError": 1,
  "cycleId": "sevo-life-cycle-10-1775391798160",
  "context": {
    "fitness": 0.699,
    "branches": 1,
    "survivalRate": 1,
    "beautyScore": 0.566,
    "efficiency": 0.147,
    "beauty": {
      "symmetry": 0.597,
      "complexity": 0.846,
      "rhythm": 0.23,
      "colorHarmony": 0.72,
      "coverage": 0.342
    },
    "totalTicks": 200,
    "avgAge": 200,
    "correct": 8,
    "total": 8
  }
}