{
  "@context": "sevo://v1",
  "@type": "Fitness",
  "@id": "fitness-agent-life-v3-1775391792883-sevo-life-cycle-8-1775392781425",
  "timestamp": "2026-04-05T12:39:42.227Z",
  "agent": "agent:life-v3-1775391792883",
  "eqs": 0.32119999999999993,
  "accuracy": 1,
  "magnitude": 0.07199999999999995,
  "branchesExplored": 1,
  "predictionError": 1,
  "cycleId": "sevo-life-cycle-8-1775392781425",
  "context": {
    "fitness": 0.695,
    "branches": 1,
    "survivalRate": 1,
    "beautyScore": 0.556,
    "efficiency": 0.142,
    "beauty": {
      "symmetry": 0.474,
      "complexity": 0.91,
      "rhythm": 0.235,
      "colorHarmony": 0.72,
      "coverage": 0.367
    },
    "totalTicks": 200,
    "avgAge": 200,
    "correct": 8,
    "total": 8
  }
}