{
  "@context": "sevo://v1",
  "@type": "Fitness",
  "@id": "fitness-agent-life-v3-1775394223733-sevo-life-cycle-1-1775403868605",
  "timestamp": "2026-04-05T15:44:32.121Z",
  "agent": "agent:life-v3-1775394223733",
  "eqs": 0.29139999999999994,
  "accuracy": 1,
  "magnitude": 0.016999999999999904,
  "branchesExplored": 1,
  "predictionError": 1,
  "cycleId": "sevo-life-cycle-1-1775403868605",
  "context": {
    "fitness": 0.703,
    "branches": 1,
    "survivalRate": 1,
    "beautyScore": 0.58,
    "efficiency": 0.143,
    "beauty": {
      "symmetry": 0.7,
      "complexity": 0.804,
      "rhythm": 0.121,
      "colorHarmony": 0.72,
      "coverage": 0.479
    },
    "totalTicks": 200,
    "avgAge": 200,
    "correct": 8,
    "total": 8
  }
}