{
  "@context": "sevo://v1",
  "@type": "Fitness",
  "@id": "fitness-agent-life-v3-1775390091883-sevo-life-cycle-1-1775393808173",
  "timestamp": "2026-04-05T12:56:49.143Z",
  "agent": "agent:life-v3-1775390091883",
  "eqs": 0.25520000000000004,
  "accuracy": 1,
  "magnitude": 0.0040000000000000036,
  "branchesExplored": 1,
  "predictionError": 1,
  "cycleId": "sevo-life-cycle-1-1775393808173",
  "context": {
    "fitness": 0.632,
    "branches": 1,
    "survivalRate": 0.875,
    "beautyScore": 0.552,
    "efficiency": 0.144,
    "beauty": {
      "symmetry": 0.543,
      "complexity": 0.865,
      "rhythm": 0.227,
      "colorHarmony": 0.72,
      "coverage": 0.313
    },
    "totalTicks": 200,
    "avgAge": 185,
    "correct": 7,
    "total": 8
  }
}