{
  "@context": "sevo://v1",
  "@type": "Fitness",
  "@id": "fitness-agent-life-v3-1775390091883-sevo-life-cycle-3-1775394737269",
  "timestamp": "2026-04-05T13:12:18.351Z",
  "agent": "agent:life-v3-1775390091883",
  "eqs": 0.33419999999999994,
  "accuracy": 1,
  "magnitude": 0.08299999999999996,
  "branchesExplored": 1,
  "predictionError": 1,
  "cycleId": "sevo-life-cycle-3-1775394737269",
  "context": {
    "fitness": 0.711,
    "branches": 1,
    "survivalRate": 1,
    "beautyScore": 0.609,
    "efficiency": 0.143,
    "beauty": {
      "symmetry": 0.63,
      "complexity": 0.892,
      "rhythm": 0.266,
      "colorHarmony": 0.72,
      "coverage": 0.45
    },
    "totalTicks": 200,
    "avgAge": 200,
    "correct": 8,
    "total": 8
  }
}