{
  "@context": "sevo://v1",
  "@type": "Fitness",
  "@id": "fitness-agent-life-v3-1775390961181-sevo-life-cycle-9-1775392281283",
  "timestamp": "2026-04-05T12:31:22.417Z",
  "agent": "agent:life-v3-1775390961181",
  "eqs": 0.30639999999999995,
  "accuracy": 1,
  "magnitude": 0.04999999999999993,
  "branchesExplored": 1,
  "predictionError": 1,
  "cycleId": "sevo-life-cycle-9-1775392281283",
  "context": {
    "fitness": 0.691,
    "branches": 1,
    "survivalRate": 1,
    "beautyScore": 0.538,
    "efficiency": 0.15,
    "beauty": {
      "symmetry": 0.566,
      "complexity": 0.791,
      "rhythm": 0.134,
      "colorHarmony": 0.72,
      "coverage": 0.425
    },
    "totalTicks": 200,
    "avgAge": 200,
    "correct": 8,
    "total": 8
  }
}