{
  "@context": "sevo://v1",
  "@type": "Fitness",
  "@id": "fitness-agent-life-v3-1775391566502-sevo-life-cycle-2-1775393155305",
  "timestamp": "2026-04-05T12:45:56.906Z",
  "agent": "agent:life-v3-1775391566502",
  "eqs": 0.31040000000000006,
  "accuracy": 1,
  "magnitude": 0.06000000000000005,
  "branchesExplored": 1,
  "predictionError": 1,
  "cycleId": "sevo-life-cycle-2-1775393155305",
  "context": {
    "fitness": 0.686,
    "branches": 1,
    "survivalRate": 1,
    "beautyScore": 0.522,
    "efficiency": 0.147,
    "beauty": {
      "symmetry": 0.451,
      "complexity": 0.95,
      "rhythm": 0.07,
      "colorHarmony": 0.72,
      "coverage": 0.329
    },
    "totalTicks": 200,
    "avgAge": 200,
    "correct": 8,
    "total": 8
  }
}