{
  "@context": "sevo://v1",
  "@type": "Fitness",
  "@id": "fitness-agent-life-v3-1775390961181-sevo-life-cycle-4-1775391894442",
  "timestamp": "2026-04-05T12:24:55.476Z",
  "agent": "agent:life-v3-1775390961181",
  "eqs": 0.31539999999999996,
  "accuracy": 1,
  "magnitude": 0.05899999999999994,
  "branchesExplored": 1,
  "predictionError": 1,
  "cycleId": "sevo-life-cycle-4-1775391894442",
  "context": {
    "fitness": 0.7,
    "branches": 1,
    "survivalRate": 1,
    "beautyScore": 0.57,
    "efficiency": 0.143,
    "beauty": {
      "symmetry": 0.576,
      "complexity": 0.851,
      "rhythm": 0.154,
      "colorHarmony": 0.72,
      "coverage": 0.496
    },
    "totalTicks": 200,
    "avgAge": 200,
    "correct": 8,
    "total": 8
  }
}