{
  "@context": "sevo://v1",
  "@type": "Fitness",
  "@id": "fitness-agent-life-v4-1775390039877-sevo-life-cycle-5-1775394427641",
  "timestamp": "2026-04-05T13:07:10.743Z",
  "agent": "agent:life-v4-1775390039877",
  "eqs": 0.31379999999999997,
  "accuracy": 1,
  "magnitude": 0.06099999999999994,
  "branchesExplored": 1,
  "predictionError": 1,
  "cycleId": "sevo-life-cycle-5-1775394427641",
  "context": {
    "fitness": 0.693,
    "branches": 1,
    "survivalRate": 1,
    "beautyScore": 0.551,
    "efficiency": 0.138,
    "beauty": {
      "symmetry": 0.544,
      "complexity": 0.91,
      "rhythm": 0.061,
      "colorHarmony": 0.72,
      "coverage": 0.45
    },
    "totalTicks": 200,
    "avgAge": 200,
    "correct": 8,
    "total": 8
  }
}