{
  "@context": "sevo://v1",
  "@type": "Fitness",
  "@id": "fitness-agent-life-v4-1775392095072-sevo-life-cycle-3-1775394562254",
  "timestamp": "2026-04-05T13:09:23.153Z",
  "agent": "agent:life-v4-1775392095072",
  "eqs": 0.32199999999999995,
  "accuracy": 1,
  "magnitude": 0.06999999999999995,
  "branchesExplored": 1,
  "predictionError": 1,
  "cycleId": "sevo-life-cycle-3-1775394562254",
  "context": {
    "fitness": 0.7,
    "branches": 1,
    "survivalRate": 1,
    "beautyScore": 0.575,
    "efficiency": 0.136,
    "beauty": {
      "symmetry": 0.608,
      "complexity": 0.797,
      "rhythm": 0.224,
      "colorHarmony": 0.72,
      "coverage": 0.471
    },
    "totalTicks": 200,
    "avgAge": 200,
    "correct": 8,
    "total": 8
  }
}