{
  "@context": "sevo://v1",
  "@type": "Fitness",
  "@id": "fitness-agent-life-v3-1775390961181-sevo-life-cycle-4-1775405045142",
  "timestamp": "2026-04-05T16:04:07.699Z",
  "agent": "agent:life-v3-1775390961181",
  "eqs": 0.2865999999999999,
  "accuracy": 1,
  "magnitude": 0.0129999999999999,
  "branchesExplored": 1,
  "predictionError": 1,
  "cycleId": "sevo-life-cycle-4-1775405045142",
  "context": {
    "fitness": 0.697,
    "branches": 1,
    "survivalRate": 1,
    "beautyScore": 0.555,
    "efficiency": 0.153,
    "beauty": {
      "symmetry": 0.507,
      "complexity": 0.879,
      "rhythm": 0.212,
      "colorHarmony": 0.72,
      "coverage": 0.388
    },
    "totalTicks": 200,
    "avgAge": 200,
    "correct": 8,
    "total": 8
  }
}