{
  "@context": "sevo://v1",
  "@type": "Fitness",
  "@id": "fitness-agent-life-v3-1775391566502-sevo-life-cycle-7-1775391971002",
  "timestamp": "2026-04-05T12:26:12.439Z",
  "agent": "agent:life-v3-1775391566502",
  "eqs": 0.28459999999999996,
  "accuracy": 1,
  "magnitude": 0.007000000000000006,
  "branchesExplored": 1,
  "predictionError": 1,
  "cycleId": "sevo-life-cycle-7-1775391971002",
  "context": {
    "fitness": 0.701,
    "branches": 1,
    "survivalRate": 1,
    "beautyScore": 0.572,
    "efficiency": 0.148,
    "beauty": {
      "symmetry": 0.575,
      "complexity": 0.839,
      "rhythm": 0.183,
      "colorHarmony": 0.72,
      "coverage": 0.492
    },
    "totalTicks": 200,
    "avgAge": 200,
    "correct": 8,
    "total": 8
  }
}