{
  "@context": "sevo://v1",
  "@type": "Fitness",
  "@id": "fitness-agent-life-v3-1775390091883-sevo-life-cycle-6-1775392470474",
  "timestamp": "2026-04-05T12:34:31.373Z",
  "agent": "agent:life-v3-1775390091883",
  "eqs": 0.3177999999999999,
  "accuracy": 1,
  "magnitude": 0.06299999999999994,
  "branchesExplored": 1,
  "predictionError": 1,
  "cycleId": "sevo-life-cycle-6-1775392470474",
  "context": {
    "fitness": 0.7,
    "branches": 1,
    "survivalRate": 1,
    "beautyScore": 0.574,
    "efficiency": 0.141,
    "beauty": {
      "symmetry": 0.538,
      "complexity": 0.895,
      "rhythm": 0.172,
      "colorHarmony": 0.72,
      "coverage": 0.488
    },
    "totalTicks": 200,
    "avgAge": 200,
    "correct": 8,
    "total": 8
  }
}