{
  "@context": "sevo://v1",
  "@type": "Fitness",
  "@id": "fitness-agent-life-v2-1775386935596-sevo-life-cycle-4-1775392417836",
  "timestamp": "2026-04-05T12:33:39.518Z",
  "agent": "agent:life-v2-1775386935596",
  "eqs": 0.30659999999999993,
  "accuracy": 1,
  "magnitude": 0.050999999999999934,
  "branchesExplored": 1,
  "predictionError": 1,
  "cycleId": "sevo-life-cycle-4-1775392417836",
  "context": {
    "fitness": 0.69,
    "branches": 1,
    "survivalRate": 1,
    "beautyScore": 0.535,
    "efficiency": 0.15,
    "beauty": {
      "symmetry": 0.567,
      "complexity": 0.838,
      "rhythm": 0.064,
      "colorHarmony": 0.72,
      "coverage": 0.417
    },
    "totalTicks": 200,
    "avgAge": 200,
    "correct": 8,
    "total": 8
  }
}