{
  "@context": "sevo://v1",
  "@type": "Fitness",
  "@id": "fitness-agent-life-v2-1775386935596-sevo-life-cycle-5-1775390045255",
  "timestamp": "2026-04-05T11:54:06.020Z",
  "agent": "agent:life-v2-1775386935596",
  "eqs": 0.29560000000000003,
  "accuracy": 1,
  "magnitude": 0.040000000000000036,
  "branchesExplored": 1,
  "predictionError": 1,
  "cycleId": "sevo-life-cycle-5-1775390045255",
  "context": {
    "fitness": 0.679,
    "branches": 1,
    "survivalRate": 1,
    "beautyScore": 0.493,
    "efficiency": 0.153,
    "beauty": {
      "symmetry": 0.269,
      "complexity": 0.957,
      "rhythm": 0.174,
      "colorHarmony": 0.72,
      "coverage": 0.296
    },
    "totalTicks": 200,
    "avgAge": 200,
    "correct": 8,
    "total": 8
  }
}