{
  "@context": "sevo://v1",
  "@type": "Fitness",
  "@id": "fitness-agent-life-v3-1775390846762-sevo-life-cycle-7-1775391734173",
  "timestamp": "2026-04-05T12:22:14.447Z",
  "agent": "agent:life-v3-1775390846762",
  "eqs": 0.32039999999999996,
  "accuracy": 1,
  "magnitude": 0.06599999999999995,
  "branchesExplored": 1,
  "predictionError": 1,
  "cycleId": "sevo-life-cycle-7-1775391734173",
  "context": {
    "fitness": 0.702,
    "branches": 1,
    "survivalRate": 1,
    "beautyScore": 0.582,
    "efficiency": 0.138,
    "beauty": {
      "symmetry": 0.417,
      "complexity": 0.961,
      "rhythm": 0.285,
      "colorHarmony": 0.72,
      "coverage": 0.483
    },
    "totalTicks": 200,
    "avgAge": 200,
    "correct": 8,
    "total": 8
  }
}