{
  "@context": "sevo://v1",
  "@type": "Fitness",
  "@id": "fitness-agent-life-v2-1775386935596-sevo-life-cycle-2-1775404070774",
  "timestamp": "2026-04-05T15:47:53.565Z",
  "agent": "agent:life-v2-1775386935596",
  "eqs": 0.30160000000000003,
  "accuracy": 1,
  "magnitude": 0.04600000000000004,
  "branchesExplored": 1,
  "predictionError": 1,
  "cycleId": "sevo-life-cycle-2-1775404070774",
  "context": {
    "fitness": 0.685,
    "branches": 1,
    "survivalRate": 1,
    "beautyScore": 0.515,
    "efficiency": 0.152,
    "beauty": {
      "symmetry": 0.439,
      "complexity": 0.923,
      "rhythm": 0.151,
      "colorHarmony": 0.683,
      "coverage": 0.279
    },
    "totalTicks": 200,
    "avgAge": 200,
    "correct": 8,
    "total": 8
  }
}