{
  "@context": "sevo://v1",
  "@type": "Fitness",
  "@id": "fitness-agent-life-v3-1775391792883-sevo-life-cycle-8-1775392252140",
  "timestamp": "2026-04-05T12:30:52.831Z",
  "agent": "agent:life-v3-1775391792883",
  "eqs": 0.33119999999999994,
  "accuracy": 1,
  "magnitude": 0.08199999999999996,
  "branchesExplored": 1,
  "predictionError": 1,
  "cycleId": "sevo-life-cycle-8-1775392252140",
  "context": {
    "fitness": 0.705,
    "branches": 1,
    "survivalRate": 1,
    "beautyScore": 0.586,
    "efficiency": 0.147,
    "beauty": {
      "symmetry": 0.568,
      "complexity": 0.854,
      "rhythm": 0.271,
      "colorHarmony": 0.767,
      "coverage": 0.408
    },
    "totalTicks": 200,
    "avgAge": 200,
    "correct": 8,
    "total": 8
  }
}