{
  "@context": "sevo://v1",
  "@type": "Fitness",
  "@id": "fitness-agent-life-v2-1775386935596-sevo-life-cycle-1-1775390562814",
  "timestamp": "2026-04-05T12:02:43.254Z",
  "agent": "agent:life-v2-1775386935596",
  "eqs": 0.31359999999999993,
  "accuracy": 1,
  "magnitude": 0.05799999999999994,
  "branchesExplored": 1,
  "predictionError": 1,
  "cycleId": "sevo-life-cycle-1-1775390562814",
  "context": {
    "fitness": 0.697,
    "branches": 1,
    "survivalRate": 1,
    "beautyScore": 0.557,
    "efficiency": 0.149,
    "beauty": {
      "symmetry": 0.528,
      "complexity": 0.913,
      "rhythm": 0.183,
      "colorHarmony": 0.767,
      "coverage": 0.3
    },
    "totalTicks": 200,
    "avgAge": 200,
    "correct": 8,
    "total": 8
  }
}