{
  "@context": "sevo://v1",
  "@type": "Fitness",
  "@id": "fitness-agent-life-v2-1775386725877-sevo-life-cycle-7-1775391486365",
  "timestamp": "2026-04-05T12:18:07.345Z",
  "agent": "agent:life-v2-1775386725877",
  "eqs": 0.32659999999999995,
  "accuracy": 1,
  "magnitude": 0.07299999999999995,
  "branchesExplored": 1,
  "predictionError": 1,
  "cycleId": "sevo-life-cycle-7-1775391486365",
  "context": {
    "fitness": 0.707,
    "branches": 1,
    "survivalRate": 1,
    "beautyScore": 0.59,
    "efficiency": 0.152,
    "beauty": {
      "symmetry": 0.585,
      "complexity": 0.901,
      "rhythm": 0.29,
      "colorHarmony": 0.72,
      "coverage": 0.35
    },
    "totalTicks": 200,
    "avgAge": 200,
    "correct": 8,
    "total": 8
  }
}