{
  "@context": "sevo://v1",
  "@type": "Fitness",
  "@id": "fitness-agent-life-v2-1775386725877-sevo-life-cycle-3-1775404093726",
  "timestamp": "2026-04-05T15:48:15.937Z",
  "agent": "agent:life-v2-1775386725877",
  "eqs": 0.28099999999999997,
  "accuracy": 1,
  "magnitude": 0.0010000000000000009,
  "branchesExplored": 1,
  "predictionError": 1,
  "cycleId": "sevo-life-cycle-3-1775404093726",
  "context": {
    "fitness": 0.701,
    "branches": 1,
    "survivalRate": 1,
    "beautyScore": 0.572,
    "efficiency": 0.149,
    "beauty": {
      "symmetry": 0.529,
      "complexity": 0.87,
      "rhythm": 0.313,
      "colorHarmony": 0.72,
      "coverage": 0.346
    },
    "totalTicks": 200,
    "avgAge": 200,
    "correct": 8,
    "total": 8
  }
}