{
  "@context": "sevo://v1",
  "@type": "Fitness",
  "@id": "fitness-agent-life-v3-1775390846762-sevo-life-cycle-9-1775393328832",
  "timestamp": "2026-04-05T12:48:49.504Z",
  "agent": "agent:life-v3-1775390846762",
  "eqs": 0.31539999999999996,
  "accuracy": 1,
  "magnitude": 0.06099999999999994,
  "branchesExplored": 1,
  "predictionError": 1,
  "cycleId": "sevo-life-cycle-9-1775393328832",
  "context": {
    "fitness": 0.697,
    "branches": 1,
    "survivalRate": 1,
    "beautyScore": 0.557,
    "efficiency": 0.152,
    "beauty": {
      "symmetry": 0.735,
      "complexity": 0.731,
      "rhythm": 0.127,
      "colorHarmony": 0.72,
      "coverage": 0.379
    },
    "totalTicks": 200,
    "avgAge": 200,
    "correct": 8,
    "total": 8
  }
}