{
  "@context": "sevo://v1",
  "@type": "Fitness",
  "@id": "fitness-agent-life-v3-1775390846762-sevo-life-cycle-5-1775404405614",
  "timestamp": "2026-04-05T15:53:26.305Z",
  "agent": "agent:life-v3-1775390846762",
  "eqs": 0.31539999999999996,
  "accuracy": 1,
  "magnitude": 0.06099999999999994,
  "branchesExplored": 1,
  "predictionError": 1,
  "cycleId": "sevo-life-cycle-5-1775404405614",
  "context": {
    "fitness": 0.697,
    "branches": 1,
    "survivalRate": 1,
    "beautyScore": 0.554,
    "efficiency": 0.157,
    "beauty": {
      "symmetry": 0.488,
      "complexity": 0.911,
      "rhythm": 0.155,
      "colorHarmony": 0.72,
      "coverage": 0.433
    },
    "totalTicks": 200,
    "avgAge": 200,
    "correct": 8,
    "total": 8
  }
}