{
  "@context": "sevo://v1",
  "@type": "Fitness",
  "@id": "fitness-agent-life-v3-1775392671841-sevo-life-cycle-3-1775403920183",
  "timestamp": "2026-04-05T15:45:23.686Z",
  "agent": "agent:life-v3-1775392671841",
  "eqs": 0.28439999999999993,
  "accuracy": 1,
  "magnitude": 0.009999999999999898,
  "branchesExplored": 1,
  "predictionError": 1,
  "cycleId": "sevo-life-cycle-3-1775403920183",
  "context": {
    "fitness": 0.696,
    "branches": 1,
    "survivalRate": 1,
    "beautyScore": 0.551,
    "efficiency": 0.153,
    "beauty": {
      "symmetry": 0.53,
      "complexity": 0.828,
      "rhythm": 0.156,
      "colorHarmony": 0.72,
      "coverage": 0.483
    },
    "totalTicks": 200,
    "avgAge": 200,
    "correct": 8,
    "total": 8
  }
}