{
  "@context": "sevo://v1",
  "@type": "Fitness",
  "@id": "fitness-agent-life-v3-1775394223733-sevo-life-cycle-5-1775404405614",
  "timestamp": "2026-04-05T15:53:28.749Z",
  "agent": "agent:life-v3-1775394223733",
  "eqs": 0.29039999999999994,
  "accuracy": 1,
  "magnitude": 0.015999999999999903,
  "branchesExplored": 1,
  "predictionError": 1,
  "cycleId": "sevo-life-cycle-5-1775404405614",
  "context": {
    "fitness": 0.702,
    "branches": 1,
    "survivalRate": 1,
    "beautyScore": 0.574,
    "efficiency": 0.149,
    "beauty": {
      "symmetry": 0.612,
      "complexity": 0.836,
      "rhythm": 0.143,
      "colorHarmony": 0.72,
      "coverage": 0.5
    },
    "totalTicks": 200,
    "avgAge": 200,
    "correct": 8,
    "total": 8
  }
}