{
  "@context": "sevo://v1",
  "@type": "Fitness",
  "@id": "fitness-agent-life-v3-1775390846762-sevo-life-cycle-10-1775392043751",
  "timestamp": "2026-04-05T12:27:24.049Z",
  "agent": "agent:life-v3-1775390846762",
  "eqs": 0.31439999999999996,
  "accuracy": 1,
  "magnitude": 0.05999999999999994,
  "branchesExplored": 1,
  "predictionError": 1,
  "cycleId": "sevo-life-cycle-10-1775392043751",
  "context": {
    "fitness": 0.696,
    "branches": 1,
    "survivalRate": 1,
    "beautyScore": 0.557,
    "efficiency": 0.146,
    "beauty": {
      "symmetry": 0.517,
      "complexity": 0.881,
      "rhythm": 0.196,
      "colorHarmony": 0.72,
      "coverage": 0.4
    },
    "totalTicks": 200,
    "avgAge": 200,
    "correct": 8,
    "total": 8
  }
}