{
  "@context": "sevo://v1",
  "@type": "Fitness",
  "@id": "fitness-agent-life-v3-1775390846762-sevo-life-cycle-10-1775392573440",
  "timestamp": "2026-04-05T12:36:14.004Z",
  "agent": "agent:life-v3-1775390846762",
  "eqs": 0.30140000000000006,
  "accuracy": 1,
  "magnitude": 0.04700000000000004,
  "branchesExplored": 1,
  "predictionError": 1,
  "cycleId": "sevo-life-cycle-10-1775392573440",
  "context": {
    "fitness": 0.683,
    "branches": 1,
    "survivalRate": 1,
    "beautyScore": 0.518,
    "efficiency": 0.136,
    "beauty": {
      "symmetry": 0.28,
      "complexity": 0.944,
      "rhythm": 0.301,
      "colorHarmony": 0.72,
      "coverage": 0.292
    },
    "totalTicks": 200,
    "avgAge": 200,
    "correct": 8,
    "total": 8
  }
}