{
  "@context": "sevo://v1",
  "@type": "Fitness",
  "@id": "fitness-agent-life-v3-1775390918981-sevo-life-cycle-9-1775392281283",
  "timestamp": "2026-04-05T12:31:23.250Z",
  "agent": "agent:life-v3-1775390918981",
  "eqs": 0.29000000000000004,
  "accuracy": 1,
  "magnitude": 0.014000000000000012,
  "branchesExplored": 1,
  "predictionError": 1,
  "cycleId": "sevo-life-cycle-9-1775392281283",
  "context": {
    "fitness": 0.704,
    "branches": 1,
    "survivalRate": 1,
    "beautyScore": 0.583,
    "efficiency": 0.145,
    "beauty": {
      "symmetry": 0.593,
      "complexity": 0.807,
      "rhythm": 0.255,
      "colorHarmony": 0.72,
      "coverage": 0.492
    },
    "totalTicks": 200,
    "avgAge": 200,
    "correct": 8,
    "total": 8
  }
}