{
  "@context": "sevo://v1",
  "@type": "Fitness",
  "@id": "fitness-agent-life-v2-1775386725877-sevo-life-cycle-1-1775391591076",
  "timestamp": "2026-04-05T12:19:52.175Z",
  "agent": "agent:life-v2-1775386725877",
  "eqs": 0.30360000000000004,
  "accuracy": 1,
  "magnitude": 0.050000000000000044,
  "branchesExplored": 1,
  "predictionError": 1,
  "cycleId": "sevo-life-cycle-1-1775391591076",
  "context": {
    "fitness": 0.684,
    "branches": 1,
    "survivalRate": 1,
    "beautyScore": 0.515,
    "efficiency": 0.15,
    "beauty": {
      "symmetry": 0.493,
      "complexity": 0.869,
      "rhythm": 0.064,
      "colorHarmony": 0.72,
      "coverage": 0.358
    },
    "totalTicks": 200,
    "avgAge": 200,
    "correct": 8,
    "total": 8
  }
}