{
  "@context": "sevo://v1",
  "@type": "Fitness",
  "@id": "fitness-agent-life-v3-1775390091883-sevo-life-cycle-8-1775393044954",
  "timestamp": "2026-04-05T12:44:05.600Z",
  "agent": "agent:life-v3-1775390091883",
  "eqs": 0.32919999999999994,
  "accuracy": 1,
  "magnitude": 0.07799999999999996,
  "branchesExplored": 1,
  "predictionError": 1,
  "cycleId": "sevo-life-cycle-8-1775393044954",
  "context": {
    "fitness": 0.706,
    "branches": 1,
    "survivalRate": 1,
    "beautyScore": 0.586,
    "efficiency": 0.148,
    "beauty": {
      "symmetry": 0.61,
      "complexity": 0.882,
      "rhythm": 0.212,
      "colorHarmony": 0.72,
      "coverage": 0.421
    },
    "totalTicks": 200,
    "avgAge": 200,
    "correct": 8,
    "total": 8
  }
}