{
  "@context": "sevo://v1",
  "@type": "Fitness",
  "@id": "fitness-agent-life-v3-1775390091883-sevo-life-cycle-2-1775394098350",
  "timestamp": "2026-04-05T13:01:39.267Z",
  "agent": "agent:life-v3-1775390091883",
  "eqs": 0.3131999999999999,
  "accuracy": 1,
  "magnitude": 0.061999999999999944,
  "branchesExplored": 1,
  "predictionError": 1,
  "cycleId": "sevo-life-cycle-2-1775394098350",
  "context": {
    "fitness": 0.69,
    "branches": 1,
    "survivalRate": 1,
    "beautyScore": 0.531,
    "efficiency": 0.154,
    "beauty": {
      "symmetry": 0.526,
      "complexity": 0.861,
      "rhythm": 0.055,
      "colorHarmony": 0.72,
      "coverage": 0.438
    },
    "totalTicks": 200,
    "avgAge": 200,
    "correct": 8,
    "total": 8
  }
}