{
  "@context": "sevo://v1",
  "@type": "Fitness",
  "@id": "fitness-agent-life-v3-1775390014691-sevo-life-cycle-6-1775392470474",
  "timestamp": "2026-04-05T12:34:31.238Z",
  "agent": "agent:life-v3-1775390014691",
  "eqs": 0.31439999999999996,
  "accuracy": 1,
  "magnitude": 0.061999999999999944,
  "branchesExplored": 1,
  "predictionError": 1,
  "cycleId": "sevo-life-cycle-6-1775392470474",
  "context": {
    "fitness": 0.693,
    "branches": 1,
    "survivalRate": 1,
    "beautyScore": 0.552,
    "efficiency": 0.138,
    "beauty": {
      "symmetry": 0.574,
      "complexity": 0.838,
      "rhythm": 0.116,
      "colorHarmony": 0.72,
      "coverage": 0.45
    },
    "totalTicks": 200,
    "avgAge": 200,
    "correct": 8,
    "total": 8
  }
}