{
  "@context": "sevo://v1",
  "@type": "Fitness",
  "@id": "fitness-agent-life-v2-1775386935596-sevo-life-cycle-1-1775393130326",
  "timestamp": "2026-04-05T12:45:32.276Z",
  "agent": "agent:life-v2-1775386935596",
  "eqs": 0.2936000000000001,
  "accuracy": 1,
  "magnitude": 0.038000000000000034,
  "branchesExplored": 1,
  "predictionError": 1,
  "cycleId": "sevo-life-cycle-1-1775393130326",
  "context": {
    "fitness": 0.677,
    "branches": 1,
    "survivalRate": 1,
    "beautyScore": 0.487,
    "efficiency": 0.152,
    "beauty": {
      "symmetry": 0.268,
      "complexity": 0.942,
      "rhythm": 0.162,
      "colorHarmony": 0.72,
      "coverage": 0.296
    },
    "totalTicks": 200,
    "avgAge": 200,
    "correct": 8,
    "total": 8
  }
}