{
  "@context": "sevo://v1",
  "@type": "Fitness",
  "@id": "fitness-agent-life-v3-1775390961181-sevo-life-cycle-1-1775404467671",
  "timestamp": "2026-04-05T15:54:29.980Z",
  "agent": "agent:life-v3-1775390961181",
  "eqs": 0.2805999999999999,
  "accuracy": 1,
  "magnitude": 0.006999999999999895,
  "branchesExplored": 1,
  "predictionError": 1,
  "cycleId": "sevo-life-cycle-1-1775404467671",
  "context": {
    "fitness": 0.691,
    "branches": 1,
    "survivalRate": 1,
    "beautyScore": 0.538,
    "efficiency": 0.146,
    "beauty": {
      "symmetry": 0.488,
      "complexity": 0.86,
      "rhythm": 0.094,
      "colorHarmony": 0.72,
      "coverage": 0.496
    },
    "totalTicks": 200,
    "avgAge": 200,
    "correct": 8,
    "total": 8
  }
}