{
  "@context": "sevo://v1",
  "@type": "Fitness",
  "@id": "fitness-agent-life-v2-1775386725877-sevo-life-cycle-4-1775391894442",
  "timestamp": "2026-04-05T12:24:55.599Z",
  "agent": "agent:life-v2-1775386725877",
  "eqs": 0.2919999999999999,
  "accuracy": 1,
  "magnitude": 0.017999999999999905,
  "branchesExplored": 1,
  "predictionError": 1,
  "cycleId": "sevo-life-cycle-4-1775391894442",
  "context": {
    "fitness": 0.703,
    "branches": 1,
    "survivalRate": 1,
    "beautyScore": 0.574,
    "efficiency": 0.152,
    "beauty": {
      "symmetry": 0.551,
      "complexity": 0.895,
      "rhythm": 0.251,
      "colorHarmony": 0.72,
      "coverage": 0.363
    },
    "totalTicks": 200,
    "avgAge": 200,
    "correct": 8,
    "total": 8
  }
}