{
  "@context": "sevo://v1",
  "@type": "Fitness",
  "@id": "fitness-agent-life-v3-1775390961181-sevo-life-cycle-4-1775394762103",
  "timestamp": "2026-04-05T13:12:43.878Z",
  "agent": "agent:life-v3-1775390961181",
  "eqs": 0.29259999999999997,
  "accuracy": 1,
  "magnitude": 0.018999999999999906,
  "branchesExplored": 1,
  "predictionError": 1,
  "cycleId": "sevo-life-cycle-4-1775394762103",
  "context": {
    "fitness": 0.703,
    "branches": 1,
    "survivalRate": 1,
    "beautyScore": 0.575,
    "efficiency": 0.15,
    "beauty": {
      "symmetry": 0.584,
      "complexity": 0.836,
      "rhythm": 0.24,
      "colorHarmony": 0.72,
      "coverage": 0.429
    },
    "totalTicks": 200,
    "avgAge": 200,
    "correct": 8,
    "total": 8
  }
}