{
  "@context": "sevo://v1",
  "@type": "Fitness",
  "@id": "fitness-agent-life-v3-1775391792883-sevo-life-cycle-5-1775392969631",
  "timestamp": "2026-04-05T12:42:50.399Z",
  "agent": "agent:life-v3-1775391792883",
  "eqs": 0.25920000000000004,
  "accuracy": 1,
  "magnitude": 0.010000000000000009,
  "branchesExplored": 1,
  "predictionError": 1,
  "cycleId": "sevo-life-cycle-5-1775392969631",
  "context": {
    "fitness": 0.633,
    "branches": 1,
    "survivalRate": 0.875,
    "beautyScore": 0.553,
    "efficiency": 0.149,
    "beauty": {
      "symmetry": 0.503,
      "complexity": 0.868,
      "rhythm": 0.237,
      "colorHarmony": 0.72,
      "coverage": 0.363
    },
    "totalTicks": 200,
    "avgAge": 198,
    "correct": 7,
    "total": 8
  }
}