{
  "@context": "sevo://v1",
  "@type": "Fitness",
  "@id": "fitness-agent-life-v3-1775391566502-sevo-life-cycle-2-1775404698644",
  "timestamp": "2026-04-05T15:58:21.394Z",
  "agent": "agent:life-v3-1775391566502",
  "eqs": 0.31539999999999996,
  "accuracy": 1,
  "magnitude": 0.06499999999999995,
  "branchesExplored": 1,
  "predictionError": 1,
  "cycleId": "sevo-life-cycle-2-1775404698644",
  "context": {
    "fitness": 0.691,
    "branches": 1,
    "survivalRate": 1,
    "beautyScore": 0.536,
    "efficiency": 0.153,
    "beauty": {
      "symmetry": 0.444,
      "complexity": 0.909,
      "rhythm": 0.084,
      "colorHarmony": 0.72,
      "coverage": 0.488
    },
    "totalTicks": 200,
    "avgAge": 200,
    "correct": 8,
    "total": 8
  }
}