{
  "@context": "sevo://v1",
  "@type": "Fitness",
  "@id": "fitness-agent-life-v3-1775394733876-sevo-life-cycle-5-1775394790050",
  "timestamp": "2026-04-05T13:13:13.254Z",
  "agent": "agent:life-v3-1775394733876",
  "eqs": 0.32199999999999995,
  "accuracy": 1,
  "magnitude": 0.06999999999999995,
  "branchesExplored": 1,
  "predictionError": 1,
  "cycleId": "sevo-life-cycle-5-1775394790050",
  "context": {
    "fitness": 0.7,
    "branches": 1,
    "survivalRate": 1,
    "beautyScore": 0.566,
    "efficiency": 0.151,
    "beauty": {
      "symmetry": 0.594,
      "complexity": 0.797,
      "rhythm": 0.19,
      "colorHarmony": 0.767,
      "coverage": 0.438
    },
    "totalTicks": 200,
    "avgAge": 200,
    "correct": 8,
    "total": 8
  }
}