{
  "@context": "sevo://v1",
  "@type": "Fitness",
  "@id": "fitness-agent-life-v3-1775392671841-sevo-life-cycle-3-1775394970604",
  "timestamp": "2026-04-05T13:16:13.592Z",
  "agent": "agent:life-v3-1775392671841",
  "eqs": 0.28939999999999994,
  "accuracy": 1,
  "magnitude": 0.014999999999999902,
  "branchesExplored": 1,
  "predictionError": 1,
  "cycleId": "sevo-life-cycle-3-1775394970604",
  "context": {
    "fitness": 0.701,
    "branches": 1,
    "survivalRate": 1,
    "beautyScore": 0.568,
    "efficiency": 0.154,
    "beauty": {
      "symmetry": 0.672,
      "complexity": 0.757,
      "rhythm": 0.147,
      "colorHarmony": 0.72,
      "coverage": 0.492
    },
    "totalTicks": 200,
    "avgAge": 200,
    "correct": 8,
    "total": 8
  }
}