{
  "@context": "sevo://v1",
  "@type": "Fitness",
  "@id": "fitness-agent-life-v3-1775391566502-sevo-life-cycle-1-1775404676830",
  "timestamp": "2026-04-05T15:57:59.876Z",
  "agent": "agent:life-v3-1775391566502",
  "eqs": 0.32539999999999997,
  "accuracy": 1,
  "magnitude": 0.07499999999999996,
  "branchesExplored": 1,
  "predictionError": 1,
  "cycleId": "sevo-life-cycle-1-1775404676830",
  "context": {
    "fitness": 0.701,
    "branches": 1,
    "survivalRate": 1,
    "beautyScore": 0.564,
    "efficiency": 0.156,
    "beauty": {
      "symmetry": 0.545,
      "complexity": 0.914,
      "rhythm": 0.158,
      "colorHarmony": 0.72,
      "coverage": 0.4
    },
    "totalTicks": 200,
    "avgAge": 200,
    "correct": 8,
    "total": 8
  }
}