{
  "@context": "sevo://v1",
  "@type": "Fitness",
  "@id": "fitness-agent-life-v3-1775390961181-sevo-life-cycle-6-1775392992876",
  "timestamp": "2026-04-05T12:43:14.117Z",
  "agent": "agent:life-v3-1775390961181",
  "eqs": 0.30939999999999995,
  "accuracy": 1,
  "magnitude": 0.052999999999999936,
  "branchesExplored": 1,
  "predictionError": 1,
  "cycleId": "sevo-life-cycle-6-1775392992876",
  "context": {
    "fitness": 0.694,
    "branches": 1,
    "survivalRate": 1,
    "beautyScore": 0.549,
    "efficiency": 0.148,
    "beauty": {
      "symmetry": 0.566,
      "complexity": 0.823,
      "rhythm": 0.14,
      "colorHarmony": 0.72,
      "coverage": 0.438
    },
    "totalTicks": 200,
    "avgAge": 200,
    "correct": 8,
    "total": 8
  }
}