{
  "@context": "sevo://v1",
  "@type": "Fitness",
  "@id": "fitness-agent-life-v3-1775391566502-sevo-life-cycle-5-1775392969631",
  "timestamp": "2026-04-05T12:42:51.166Z",
  "agent": "agent:life-v3-1775391566502",
  "eqs": 0.31339999999999996,
  "accuracy": 1,
  "magnitude": 0.06299999999999994,
  "branchesExplored": 1,
  "predictionError": 1,
  "cycleId": "sevo-life-cycle-5-1775392969631",
  "context": {
    "fitness": 0.689,
    "branches": 1,
    "survivalRate": 1,
    "beautyScore": 0.532,
    "efficiency": 0.147,
    "beauty": {
      "symmetry": 0.542,
      "complexity": 0.857,
      "rhythm": 0.105,
      "colorHarmony": 0.72,
      "coverage": 0.354
    },
    "totalTicks": 200,
    "avgAge": 200,
    "correct": 8,
    "total": 8
  }
}