{
  "@context": "sevo://v1",
  "@type": "Fitness",
  "@id": "fitness-agent-life-v2-1775386935596-sevo-life-cycle-8-1775390723995",
  "timestamp": "2026-04-05T12:05:24.800Z",
  "agent": "agent:life-v2-1775386935596",
  "eqs": 0.3036000000000001,
  "accuracy": 1,
  "magnitude": 0.04800000000000004,
  "branchesExplored": 1,
  "predictionError": 1,
  "cycleId": "sevo-life-cycle-8-1775390723995",
  "context": {
    "fitness": 0.687,
    "branches": 1,
    "survivalRate": 1,
    "beautyScore": 0.519,
    "efficiency": 0.154,
    "beauty": {
      "symmetry": 0.399,
      "complexity": 0.897,
      "rhythm": 0.155,
      "colorHarmony": 0.72,
      "coverage": 0.375
    },
    "totalTicks": 200,
    "avgAge": 200,
    "correct": 8,
    "total": 8
  }
}