{
  "@context": "sevo://v1",
  "@type": "Fitness",
  "@id": "fitness-agent-life-v3-1775391566502-sevo-life-cycle-7-1775392495494",
  "timestamp": "2026-04-05T12:34:57.421Z",
  "agent": "agent:life-v3-1775391566502",
  "eqs": 0.32939999999999997,
  "accuracy": 1,
  "magnitude": 0.07899999999999996,
  "branchesExplored": 1,
  "predictionError": 1,
  "cycleId": "sevo-life-cycle-7-1775392495494",
  "context": {
    "fitness": 0.705,
    "branches": 1,
    "survivalRate": 1,
    "beautyScore": 0.591,
    "efficiency": 0.139,
    "beauty": {
      "symmetry": 0.539,
      "complexity": 0.9,
      "rhythm": 0.297,
      "colorHarmony": 0.767,
      "coverage": 0.379
    },
    "totalTicks": 200,
    "avgAge": 200,
    "correct": 8,
    "total": 8
  }
}