{
  "@context": "sevo://v1",
  "@type": "Fitness",
  "@id": "fitness-agent-life-v3-1775390091883-sevo-life-cycle-9-1775393328832",
  "timestamp": "2026-04-05T12:48:49.894Z",
  "agent": "agent:life-v3-1775390091883",
  "eqs": 0.30720000000000003,
  "accuracy": 1,
  "magnitude": 0.05600000000000005,
  "branchesExplored": 1,
  "predictionError": 1,
  "cycleId": "sevo-life-cycle-9-1775393328832",
  "context": {
    "fitness": 0.684,
    "branches": 1,
    "survivalRate": 1,
    "beautyScore": 0.514,
    "efficiency": 0.15,
    "beauty": {
      "symmetry": 0.571,
      "complexity": 0.847,
      "rhythm": 0.006,
      "colorHarmony": 0.72,
      "coverage": 0.333
    },
    "totalTicks": 200,
    "avgAge": 200,
    "correct": 8,
    "total": 8
  }
}