{
  "@context": "sevo://v1",
  "@type": "Fitness",
  "@id": "fitness-agent-life-v2-1775386935596-sevo-life-cycle-2-1775394713824",
  "timestamp": "2026-04-05T13:11:54.759Z",
  "agent": "agent:life-v2-1775386935596",
  "eqs": 0.31359999999999993,
  "accuracy": 1,
  "magnitude": 0.05799999999999994,
  "branchesExplored": 1,
  "predictionError": 1,
  "cycleId": "sevo-life-cycle-2-1775394713824",
  "context": {
    "fitness": 0.697,
    "branches": 1,
    "survivalRate": 1,
    "beautyScore": 0.558,
    "efficiency": 0.149,
    "beauty": {
      "symmetry": 0.527,
      "complexity": 0.87,
      "rhythm": 0.172,
      "colorHarmony": 0.767,
      "coverage": 0.396
    },
    "totalTicks": 200,
    "avgAge": 200,
    "correct": 8,
    "total": 8
  }
}