{
  "@context": "sevo://v1",
  "@type": "Fitness",
  "@id": "fitness-agent-life-v2-1775386935596-sevo-life-cycle-1-1775392341919",
  "timestamp": "2026-04-05T12:32:23.731Z",
  "agent": "agent:life-v2-1775386935596",
  "eqs": 0.31659999999999994,
  "accuracy": 1,
  "magnitude": 0.06099999999999994,
  "branchesExplored": 1,
  "predictionError": 1,
  "cycleId": "sevo-life-cycle-1-1775392341919",
  "context": {
    "fitness": 0.7,
    "branches": 1,
    "survivalRate": 1,
    "beautyScore": 0.566,
    "efficiency": 0.152,
    "beauty": {
      "symmetry": 0.458,
      "complexity": 0.917,
      "rhythm": 0.284,
      "colorHarmony": 0.72,
      "coverage": 0.379
    },
    "totalTicks": 200,
    "avgAge": 200,
    "correct": 8,
    "total": 8
  }
}