{
  "@context": "sevo://v1",
  "@type": "Fitness",
  "@id": "fitness-agent-life-v3-1775391566502-sevo-life-cycle-1-1775393130326",
  "timestamp": "2026-04-05T12:45:32.095Z",
  "agent": "agent:life-v3-1775391566502",
  "eqs": 0.30440000000000006,
  "accuracy": 1,
  "magnitude": 0.05400000000000005,
  "branchesExplored": 1,
  "predictionError": 1,
  "cycleId": "sevo-life-cycle-1-1775393130326",
  "context": {
    "fitness": 0.68,
    "branches": 1,
    "survivalRate": 1,
    "beautyScore": 0.504,
    "efficiency": 0.143,
    "beauty": {
      "symmetry": 0.491,
      "complexity": 0.831,
      "rhythm": 0.065,
      "colorHarmony": 0.767,
      "coverage": 0.304
    },
    "totalTicks": 200,
    "avgAge": 200,
    "correct": 8,
    "total": 8
  }
}