{
  "@context": "sevo://v1",
  "@type": "Fitness",
  "@id": "fitness-agent-life-v3-1775391792883-sevo-life-cycle-7-1775391971002",
  "timestamp": "2026-04-05T12:26:11.659Z",
  "agent": "agent:life-v3-1775391792883",
  "eqs": 0.31020000000000003,
  "accuracy": 1,
  "magnitude": 0.061000000000000054,
  "branchesExplored": 1,
  "predictionError": 1,
  "cycleId": "sevo-life-cycle-7-1775391971002",
  "context": {
    "fitness": 0.684,
    "branches": 1,
    "survivalRate": 1,
    "beautyScore": 0.517,
    "efficiency": 0.146,
    "beauty": {
      "symmetry": 0.568,
      "complexity": 0.758,
      "rhythm": 0.089,
      "colorHarmony": 0.72,
      "coverage": 0.396
    },
    "totalTicks": 200,
    "avgAge": 200,
    "correct": 8,
    "total": 8
  }
}