{
  "@context": "sevo://v1",
  "@type": "Fitness",
  "@id": "fitness-agent-life-v3-1775390961181-sevo-life-cycle-4-1775394991282",
  "timestamp": "2026-04-05T13:16:33.094Z",
  "agent": "agent:life-v3-1775390961181",
  "eqs": 0.2815999999999999,
  "accuracy": 1,
  "magnitude": 0.007999999999999896,
  "branchesExplored": 1,
  "predictionError": 1,
  "cycleId": "sevo-life-cycle-4-1775394991282",
  "context": {
    "fitness": 0.692,
    "branches": 1,
    "survivalRate": 1,
    "beautyScore": 0.543,
    "efficiency": 0.147,
    "beauty": {
      "symmetry": 0.497,
      "complexity": 0.824,
      "rhythm": 0.145,
      "colorHarmony": 0.72,
      "coverage": 0.501
    },
    "totalTicks": 200,
    "avgAge": 200,
    "correct": 8,
    "total": 8
  }
}