{
  "@context": "sevo://v1",
  "@type": "Fitness",
  "@id": "fitness-agent-life-v3-1775392671841-sevo-life-cycle-5-1775394790050",
  "timestamp": "2026-04-05T13:13:12.843Z",
  "agent": "agent:life-v3-1775392671841",
  "eqs": 0.29039999999999994,
  "accuracy": 1,
  "magnitude": 0.015999999999999903,
  "branchesExplored": 1,
  "predictionError": 1,
  "cycleId": "sevo-life-cycle-5-1775394790050",
  "context": {
    "fitness": 0.702,
    "branches": 1,
    "survivalRate": 1,
    "beautyScore": 0.573,
    "efficiency": 0.151,
    "beauty": {
      "symmetry": 0.541,
      "complexity": 0.806,
      "rhythm": 0.293,
      "colorHarmony": 0.72,
      "coverage": 0.463
    },
    "totalTicks": 200,
    "avgAge": 200,
    "correct": 8,
    "total": 8
  }
}