{
  "@context": "sevo://v1",
  "@type": "Fitness",
  "@id": "fitness-agent-life-v3-1775390961181-sevo-life-cycle-5-1775391185227",
  "timestamp": "2026-04-05T12:13:06.113Z",
  "agent": "agent:life-v3-1775390961181",
  "eqs": 0.26060000000000005,
  "accuracy": 1,
  "magnitude": 0.009000000000000008,
  "branchesExplored": 1,
  "predictionError": 1,
  "cycleId": "sevo-life-cycle-5-1775391185227",
  "context": {
    "fitness": 0.638,
    "branches": 1,
    "survivalRate": 0.875,
    "beautyScore": 0.573,
    "efficiency": 0.144,
    "beauty": {
      "symmetry": 0.516,
      "complexity": 0.942,
      "rhythm": 0.223,
      "colorHarmony": 0.72,
      "coverage": 0.375
    },
    "totalTicks": 200,
    "avgAge": 180,
    "correct": 7,
    "total": 8
  }
}