{
  "@context": "sevo://v1",
  "@type": "Fitness",
  "@id": "fitness-agent-life-v3-1775391889151-sevo-life-cycle-7-1775392495494",
  "timestamp": "2026-04-05T12:34:57.965Z",
  "agent": "agent:life-v3-1775391889151",
  "eqs": 0.31639999999999996,
  "accuracy": 1,
  "magnitude": 0.06599999999999995,
  "branchesExplored": 1,
  "predictionError": 1,
  "cycleId": "sevo-life-cycle-7-1775392495494",
  "context": {
    "fitness": 0.692,
    "branches": 1,
    "survivalRate": 1,
    "beautyScore": 0.544,
    "efficiency": 0.142,
    "beauty": {
      "symmetry": 0.511,
      "complexity": 0.844,
      "rhythm": 0.155,
      "colorHarmony": 0.72,
      "coverage": 0.442
    },
    "totalTicks": 200,
    "avgAge": 200,
    "correct": 8,
    "total": 8
  }
}