{
  "@context": "sevo://v1",
  "@type": "Fitness",
  "@id": "fitness-agent-life-v2-1775386935596-sevo-life-cycle-7-1775391235969",
  "timestamp": "2026-04-05T12:13:57.163Z",
  "agent": "agent:life-v2-1775386935596",
  "eqs": 0.30759999999999993,
  "accuracy": 1,
  "magnitude": 0.051999999999999935,
  "branchesExplored": 1,
  "predictionError": 1,
  "cycleId": "sevo-life-cycle-7-1775391235969",
  "context": {
    "fitness": 0.691,
    "branches": 1,
    "survivalRate": 1,
    "beautyScore": 0.541,
    "efficiency": 0.145,
    "beauty": {
      "symmetry": 0.497,
      "complexity": 0.865,
      "rhythm": 0.187,
      "colorHarmony": 0.72,
      "coverage": 0.371
    },
    "totalTicks": 200,
    "avgAge": 200,
    "correct": 8,
    "total": 8
  }
}