{
  "@context": "sevo://v1",
  "@type": "Fitness",
  "@id": "fitness-agent-life-v3-1775390014691-sevo-life-cycle-2-1775394098350",
  "timestamp": "2026-04-05T13:01:39.105Z",
  "agent": "agent:life-v3-1775390014691",
  "eqs": 0.32239999999999996,
  "accuracy": 1,
  "magnitude": 0.06999999999999995,
  "branchesExplored": 1,
  "predictionError": 1,
  "cycleId": "sevo-life-cycle-2-1775394098350",
  "context": {
    "fitness": 0.701,
    "branches": 1,
    "survivalRate": 1,
    "beautyScore": 0.571,
    "efficiency": 0.148,
    "beauty": {
      "symmetry": 0.691,
      "complexity": 0.754,
      "rhythm": 0.153,
      "colorHarmony": 0.733,
      "coverage": 0.463
    },
    "totalTicks": 200,
    "avgAge": 200,
    "correct": 8,
    "total": 8
  }
}