{
  "@context": "sevo://v1",
  "@type": "Fitness",
  "@id": "fitness-agent-life-v3-1775390961181-sevo-life-cycle-8-1775392252140",
  "timestamp": "2026-04-05T12:30:53.237Z",
  "agent": "agent:life-v3-1775390961181",
  "eqs": 0.30839999999999995,
  "accuracy": 1,
  "magnitude": 0.051999999999999935,
  "branchesExplored": 1,
  "predictionError": 1,
  "cycleId": "sevo-life-cycle-8-1775392252140",
  "context": {
    "fitness": 0.693,
    "branches": 1,
    "survivalRate": 1,
    "beautyScore": 0.54,
    "efficiency": 0.153,
    "beauty": {
      "symmetry": 0.611,
      "complexity": 0.823,
      "rhythm": 0.041,
      "colorHarmony": 0.72,
      "coverage": 0.433
    },
    "totalTicks": 200,
    "avgAge": 200,
    "correct": 8,
    "total": 8
  }
}