{
  "@context": "sevo://v1",
  "@type": "Fitness",
  "@id": "fitness-agent-life-v3-1775390091883-sevo-life-cycle-3-1775394376901",
  "timestamp": "2026-04-05T13:06:17.874Z",
  "agent": "agent:life-v3-1775390091883",
  "eqs": 0.30820000000000003,
  "accuracy": 1,
  "magnitude": 0.05700000000000005,
  "branchesExplored": 1,
  "predictionError": 1,
  "cycleId": "sevo-life-cycle-3-1775394376901",
  "context": {
    "fitness": 0.685,
    "branches": 1,
    "survivalRate": 1,
    "beautyScore": 0.517,
    "efficiency": 0.15,
    "beauty": {
      "symmetry": 0.341,
      "complexity": 0.923,
      "rhythm": 0.209,
      "colorHarmony": 0.72,
      "coverage": 0.342
    },
    "totalTicks": 200,
    "avgAge": 200,
    "correct": 8,
    "total": 8
  }
}