{
  "@context": "sevo://v1",
  "@type": "Fitness",
  "@id": "fitness-agent-life-v3-1775394733876-sevo-life-cycle-1-1775404802777",
  "timestamp": "2026-04-05T16:00:07.267Z",
  "agent": "agent:life-v3-1775394733876",
  "eqs": 0.28600000000000003,
  "accuracy": 1,
  "magnitude": 0.008000000000000007,
  "branchesExplored": 1,
  "predictionError": 1,
  "cycleId": "sevo-life-cycle-1-1775404802777",
  "context": {
    "fitness": 0.703,
    "branches": 1,
    "survivalRate": 1,
    "beautyScore": 0.57,
    "efficiency": 0.158,
    "beauty": {
      "symmetry": 0.599,
      "complexity": 0.883,
      "rhythm": 0.161,
      "colorHarmony": 0.767,
      "coverage": 0.35
    },
    "totalTicks": 200,
    "avgAge": 200,
    "correct": 8,
    "total": 8
  }
}