{
  "@context": "sevo://v1",
  "@type": "Fitness",
  "@id": "fitness-agent-life-v3-1775390846762-sevo-life-cycle-1-1775391082595",
  "timestamp": "2026-04-05T12:11:22.971Z",
  "agent": "agent:life-v3-1775390846762",
  "eqs": 0.30939999999999995,
  "accuracy": 1,
  "magnitude": 0.05499999999999994,
  "branchesExplored": 1,
  "predictionError": 1,
  "cycleId": "sevo-life-cycle-1-1775391082595",
  "context": {
    "fitness": 0.691,
    "branches": 1,
    "survivalRate": 1,
    "beautyScore": 0.53,
    "efficiency": 0.16,
    "beauty": {
      "symmetry": 0.589,
      "complexity": 0.776,
      "rhythm": 0.116,
      "colorHarmony": 0.72,
      "coverage": 0.383
    },
    "totalTicks": 200,
    "avgAge": 200,
    "correct": 8,
    "total": 8
  }
}