{
  "@context": "sevo://v1",
  "@type": "Fitness",
  "@id": "fitness-agent-life-v3-1775390846762-sevo-life-cycle-10-1775391303271",
  "timestamp": "2026-04-05T12:15:03.522Z",
  "agent": "agent:life-v3-1775390846762",
  "eqs": 0.31739999999999996,
  "accuracy": 1,
  "magnitude": 0.06299999999999994,
  "branchesExplored": 1,
  "predictionError": 1,
  "cycleId": "sevo-life-cycle-10-1775391303271",
  "context": {
    "fitness": 0.699,
    "branches": 1,
    "survivalRate": 1,
    "beautyScore": 0.558,
    "efficiency": 0.16,
    "beauty": {
      "symmetry": 0.629,
      "complexity": 0.77,
      "rhythm": 0.186,
      "colorHarmony": 0.72,
      "coverage": 0.421
    },
    "totalTicks": 200,
    "avgAge": 200,
    "correct": 8,
    "total": 8
  }
}