{
  "@context": "sevo://v1",
  "@type": "Fitness",
  "@id": "fitness-agent-life-v3-1775390091883-sevo-life-cycle-4-1775394145940",
  "timestamp": "2026-04-05T13:02:26.867Z",
  "agent": "agent:life-v3-1775390091883",
  "eqs": 0.31919999999999993,
  "accuracy": 1,
  "magnitude": 0.06799999999999995,
  "branchesExplored": 1,
  "predictionError": 1,
  "cycleId": "sevo-life-cycle-4-1775394145940",
  "context": {
    "fitness": 0.696,
    "branches": 1,
    "survivalRate": 1,
    "beautyScore": 0.548,
    "efficiency": 0.16,
    "beauty": {
      "symmetry": 0.513,
      "complexity": 0.947,
      "rhythm": 0.115,
      "colorHarmony": 0.72,
      "coverage": 0.346
    },
    "totalTicks": 200,
    "avgAge": 200,
    "correct": 8,
    "total": 8
  }
}