{
  "@context": "sevo://v1",
  "@type": "Fitness",
  "@id": "fitness-agent-life-v2-1775386935596-sevo-life-cycle-5-1775404759889",
  "timestamp": "2026-04-05T15:59:21.217Z",
  "agent": "agent:life-v2-1775386935596",
  "eqs": 0.3036000000000001,
  "accuracy": 1,
  "magnitude": 0.04800000000000004,
  "branchesExplored": 1,
  "predictionError": 1,
  "cycleId": "sevo-life-cycle-5-1775404759889",
  "context": {
    "fitness": 0.687,
    "branches": 1,
    "survivalRate": 1,
    "beautyScore": 0.52,
    "efficiency": 0.155,
    "beauty": {
      "symmetry": 0.481,
      "complexity": 0.845,
      "rhythm": 0.137,
      "colorHarmony": 0.72,
      "coverage": 0.354
    },
    "totalTicks": 200,
    "avgAge": 200,
    "correct": 8,
    "total": 8
  }
}