{
  "@context": "sevo://v1",
  "@type": "Fitness",
  "@id": "fitness-agent-life-v2-1775386725877-sevo-life-cycle-8-1775391509041",
  "timestamp": "2026-04-05T12:18:29.408Z",
  "agent": "agent:life-v2-1775386725877",
  "eqs": 0.30560000000000004,
  "accuracy": 1,
  "magnitude": 0.052000000000000046,
  "branchesExplored": 1,
  "predictionError": 1,
  "cycleId": "sevo-life-cycle-8-1775391509041",
  "context": {
    "fitness": 0.686,
    "branches": 1,
    "survivalRate": 1,
    "beautyScore": 0.518,
    "efficiency": 0.153,
    "beauty": {
      "symmetry": 0.48,
      "complexity": 0.86,
      "rhythm": 0.127,
      "colorHarmony": 0.72,
      "coverage": 0.329
    },
    "totalTicks": 200,
    "avgAge": 200,
    "correct": 8,
    "total": 8
  }
}