{
  "@context": "sevo://v1",
  "@type": "Fitness",
  "@id": "fitness-agent-life-v3-1775392671841-sevo-life-cycle-1-1775404032254",
  "timestamp": "2026-04-05T15:47:15.739Z",
  "agent": "agent:life-v3-1775392671841",
  "eqs": 0.29139999999999994,
  "accuracy": 1,
  "magnitude": 0.016999999999999904,
  "branchesExplored": 1,
  "predictionError": 1,
  "cycleId": "sevo-life-cycle-1-1775404032254",
  "context": {
    "fitness": 0.703,
    "branches": 1,
    "survivalRate": 1,
    "beautyScore": 0.58,
    "efficiency": 0.147,
    "beauty": {
      "symmetry": 0.638,
      "complexity": 0.782,
      "rhythm": 0.233,
      "colorHarmony": 0.72,
      "coverage": 0.471
    },
    "totalTicks": 200,
    "avgAge": 200,
    "correct": 8,
    "total": 8
  }
}