{
  "@context": "sevo://v1",
  "@type": "Fitness",
  "@id": "fitness-agent-life-v3-1775390961181-sevo-life-cycle-5-1775392699707",
  "timestamp": "2026-04-05T12:38:20.884Z",
  "agent": "agent:life-v3-1775390961181",
  "eqs": 0.30939999999999995,
  "accuracy": 1,
  "magnitude": 0.052999999999999936,
  "branchesExplored": 1,
  "predictionError": 1,
  "cycleId": "sevo-life-cycle-5-1775392699707",
  "context": {
    "fitness": 0.694,
    "branches": 1,
    "survivalRate": 1,
    "beautyScore": 0.548,
    "efficiency": 0.146,
    "beauty": {
      "symmetry": 0.532,
      "complexity": 0.847,
      "rhythm": 0.157,
      "colorHarmony": 0.72,
      "coverage": 0.425
    },
    "totalTicks": 200,
    "avgAge": 200,
    "correct": 8,
    "total": 8
  }
}