{
  "@context": "sevo://v1",
  "@type": "Fitness",
  "@id": "fitness-agent-life-v2-1775386725877-sevo-life-cycle-7-1775391971002",
  "timestamp": "2026-04-05T12:26:12.164Z",
  "agent": "agent:life-v2-1775386725877",
  "eqs": 0.2769999999999999,
  "accuracy": 1,
  "magnitude": 0.0029999999999998916,
  "branchesExplored": 1,
  "predictionError": 1,
  "cycleId": "sevo-life-cycle-7-1775391971002",
  "context": {
    "fitness": 0.688,
    "branches": 1,
    "survivalRate": 1,
    "beautyScore": 0.521,
    "efficiency": 0.157,
    "beauty": {
      "symmetry": 0.496,
      "complexity": 0.852,
      "rhythm": 0.125,
      "colorHarmony": 0.72,
      "coverage": 0.342
    },
    "totalTicks": 200,
    "avgAge": 200,
    "correct": 8,
    "total": 8
  }
}