{
  "@context": "sevo://v1",
  "@type": "Fitness",
  "@id": "fitness-agent-life-v3-1775391566502-sevo-life-cycle-6-1775392725761",
  "timestamp": "2026-04-05T12:38:47.274Z",
  "agent": "agent:life-v3-1775391566502",
  "eqs": 0.31639999999999996,
  "accuracy": 1,
  "magnitude": 0.06599999999999995,
  "branchesExplored": 1,
  "predictionError": 1,
  "cycleId": "sevo-life-cycle-6-1775392725761",
  "context": {
    "fitness": 0.692,
    "branches": 1,
    "survivalRate": 1,
    "beautyScore": 0.544,
    "efficiency": 0.142,
    "beauty": {
      "symmetry": 0.557,
      "complexity": 0.826,
      "rhythm": 0.143,
      "colorHarmony": 0.72,
      "coverage": 0.408
    },
    "totalTicks": 200,
    "avgAge": 200,
    "correct": 8,
    "total": 8
  }
}