{
  "@context": "sevo://v1",
  "@type": "Fitness",
  "@id": "fitness-agent-life-v3-1775390014691-sevo-life-cycle-9-1775391015901",
  "timestamp": "2026-04-05T12:10:16.255Z",
  "agent": "agent:life-v3-1775390014691",
  "eqs": 0.2889999999999999,
  "accuracy": 1,
  "magnitude": 0.014999999999999902,
  "branchesExplored": 1,
  "predictionError": 1,
  "cycleId": "sevo-life-cycle-9-1775391015901",
  "context": {
    "fitness": 0.7,
    "branches": 1,
    "survivalRate": 1,
    "beautyScore": 0.559,
    "efficiency": 0.162,
    "beauty": {
      "symmetry": 0.625,
      "complexity": 0.837,
      "rhythm": 0.187,
      "colorHarmony": 0.72,
      "coverage": 0.321
    },
    "totalTicks": 200,
    "avgAge": 200,
    "correct": 8,
    "total": 8
  }
}