{
  "@context": "sevo://v1",
  "@type": "Fitness",
  "@id": "fitness-agent-life-v3-1775394223733-sevo-life-cycle-2-1775403893482",
  "timestamp": "2026-04-05T15:44:56.844Z",
  "agent": "agent:life-v3-1775394223733",
  "eqs": 0.29239999999999994,
  "accuracy": 1,
  "magnitude": 0.017999999999999905,
  "branchesExplored": 1,
  "predictionError": 1,
  "cycleId": "sevo-life-cycle-2-1775403893482",
  "context": {
    "fitness": 0.704,
    "branches": 1,
    "survivalRate": 1,
    "beautyScore": 0.579,
    "efficiency": 0.152,
    "beauty": {
      "symmetry": 0.534,
      "complexity": 0.886,
      "rhythm": 0.235,
      "colorHarmony": 0.72,
      "coverage": 0.463
    },
    "totalTicks": 200,
    "avgAge": 200,
    "correct": 8,
    "total": 8
  }
}