{
  "@context": "sevo://v1",
  "@type": "Fitness",
  "@id": "fitness-agent-life-v3-1775390961181-sevo-life-cycle-8-1775392781425",
  "timestamp": "2026-04-05T12:39:42.825Z",
  "agent": "agent:life-v3-1775390961181",
  "eqs": 0.31239999999999996,
  "accuracy": 1,
  "magnitude": 0.05599999999999994,
  "branchesExplored": 1,
  "predictionError": 1,
  "cycleId": "sevo-life-cycle-8-1775392781425",
  "context": {
    "fitness": 0.697,
    "branches": 1,
    "survivalRate": 1,
    "beautyScore": 0.554,
    "efficiency": 0.152,
    "beauty": {
      "symmetry": 0.512,
      "complexity": 0.916,
      "rhythm": 0.203,
      "colorHarmony": 0.72,
      "coverage": 0.325
    },
    "totalTicks": 200,
    "avgAge": 200,
    "correct": 8,
    "total": 8
  }
}