{
  "@context": "sevo://v1",
  "@type": "Fitness",
  "@id": "fitness-agent-life-v3-1775394223733-sevo-life-cycle-3-1775394737269",
  "timestamp": "2026-04-05T13:12:19.864Z",
  "agent": "agent:life-v3-1775394223733",
  "eqs": 0.29339999999999994,
  "accuracy": 1,
  "magnitude": 0.018999999999999906,
  "branchesExplored": 1,
  "predictionError": 1,
  "cycleId": "sevo-life-cycle-3-1775394737269",
  "context": {
    "fitness": 0.705,
    "branches": 1,
    "survivalRate": 1,
    "beautyScore": 0.579,
    "efficiency": 0.155,
    "beauty": {
      "symmetry": 0.613,
      "complexity": 0.842,
      "rhythm": 0.156,
      "colorHarmony": 0.72,
      "coverage": 0.506
    },
    "totalTicks": 200,
    "avgAge": 200,
    "correct": 8,
    "total": 8
  }
}