{
  "@context": "sevo://v1",
  "@type": "Fitness",
  "@id": "fitness-agent-life-v3-1775390961181-sevo-life-cycle-3-1775394970604",
  "timestamp": "2026-04-05T13:16:12.456Z",
  "agent": "agent:life-v3-1775390961181",
  "eqs": 0.2895999999999999,
  "accuracy": 1,
  "magnitude": 0.015999999999999903,
  "branchesExplored": 1,
  "predictionError": 1,
  "cycleId": "sevo-life-cycle-3-1775394970604",
  "context": {
    "fitness": 0.7,
    "branches": 1,
    "survivalRate": 1,
    "beautyScore": 0.569,
    "efficiency": 0.144,
    "beauty": {
      "symmetry": 0.575,
      "complexity": 0.833,
      "rhythm": 0.187,
      "colorHarmony": 0.72,
      "coverage": 0.479
    },
    "totalTicks": 200,
    "avgAge": 200,
    "correct": 8,
    "total": 8
  }
}