{
  "@context": "sevo://v1",
  "@type": "Fitness",
  "@id": "fitness-agent-life-v4-1775390697152-sevo-life-cycle-9-1775392545112",
  "timestamp": "2026-04-05T12:35:46.354Z",
  "agent": "agent:life-v4-1775390697152",
  "eqs": 0.28940000000000005,
  "accuracy": 1,
  "magnitude": 0.013000000000000012,
  "branchesExplored": 1,
  "predictionError": 1,
  "cycleId": "sevo-life-cycle-9-1775392545112",
  "context": {
    "fitness": 0.704,
    "branches": 1,
    "survivalRate": 1,
    "beautyScore": 0.58,
    "efficiency": 0.148,
    "beauty": {
      "symmetry": 0.579,
      "complexity": 0.83,
      "rhythm": 0.224,
      "colorHarmony": 0.72,
      "coverage": 0.502
    },
    "totalTicks": 200,
    "avgAge": 200,
    "correct": 8,
    "total": 8
  }
}