{
  "@context": "sevo://v1",
  "@type": "Fitness",
  "@id": "fitness-agent-life-v2-1775386935596-sevo-life-cycle-4-1775388838529",
  "timestamp": "2026-04-05T11:33:58.864Z",
  "agent": "agent:life-v2-1775386935596",
  "eqs": 0.30840000000000006,
  "accuracy": 1,
  "magnitude": 0.05600000000000005,
  "branchesExplored": 1,
  "predictionError": 1,
  "cycleId": "sevo-life-cycle-4-1775388838529",
  "context": {
    "fitness": 0.687,
    "branches": 1,
    "survivalRate": 1,
    "beautyScore": 0.523,
    "efficiency": 0.153,
    "beauty": {
      "symmetry": 0.462,
      "complexity": 0.924,
      "rhythm": 0.07,
      "colorHarmony": 0.72,
      "coverage": 0.363
    },
    "totalTicks": 200,
    "avgAge": 200,
    "correct": 8,
    "total": 8
  }
}