{
  "@context": "sevo://v1",
  "@type": "Fitness",
  "@id": "fitness-agent-life-v3-1775390014691-sevo-life-cycle-2-1775394536083",
  "timestamp": "2026-04-05T13:08:57.894Z",
  "agent": "agent:life-v3-1775390014691",
  "eqs": 0.32139999999999996,
  "accuracy": 1,
  "magnitude": 0.06899999999999995,
  "branchesExplored": 1,
  "predictionError": 1,
  "cycleId": "sevo-life-cycle-2-1775394536083",
  "context": {
    "fitness": 0.7,
    "branches": 1,
    "survivalRate": 1,
    "beautyScore": 0.566,
    "efficiency": 0.149,
    "beauty": {
      "symmetry": 0.552,
      "complexity": 0.939,
      "rhythm": 0.17,
      "colorHarmony": 0.72,
      "coverage": 0.342
    },
    "totalTicks": 200,
    "avgAge": 200,
    "correct": 8,
    "total": 8
  }
}