{
  "@context": "sevo://v1",
  "@type": "Fitness",
  "@id": "fitness-agent-life-v3-1775394223733-sevo-life-cycle-4-1775403766578",
  "timestamp": "2026-04-05T15:42:49.295Z",
  "agent": "agent:life-v3-1775394223733",
  "eqs": 0.28639999999999993,
  "accuracy": 1,
  "magnitude": 0.0119999999999999,
  "branchesExplored": 1,
  "predictionError": 1,
  "cycleId": "sevo-life-cycle-4-1775403766578",
  "context": {
    "fitness": 0.698,
    "branches": 1,
    "survivalRate": 1,
    "beautyScore": 0.557,
    "efficiency": 0.152,
    "beauty": {
      "symmetry": 0.569,
      "complexity": 0.871,
      "rhythm": 0.124,
      "colorHarmony": 0.72,
      "coverage": 0.429
    },
    "totalTicks": 200,
    "avgAge": 200,
    "correct": 8,
    "total": 8
  }
}