{
  "@context": "sevo://v1",
  "@type": "Fitness",
  "@id": "fitness-agent-life-v3-1775390091883-sevo-life-cycle-2-1775392369533",
  "timestamp": "2026-04-05T12:32:50.115Z",
  "agent": "agent:life-v3-1775390091883",
  "eqs": 0.30879999999999996,
  "accuracy": 1,
  "magnitude": 0.05399999999999994,
  "branchesExplored": 1,
  "predictionError": 1,
  "cycleId": "sevo-life-cycle-2-1775392369533",
  "context": {
    "fitness": 0.691,
    "branches": 1,
    "survivalRate": 1,
    "beautyScore": 0.538,
    "efficiency": 0.15,
    "beauty": {
      "symmetry": 0.447,
      "complexity": 0.864,
      "rhythm": 0.258,
      "colorHarmony": 0.72,
      "coverage": 0.338
    },
    "totalTicks": 200,
    "avgAge": 200,
    "correct": 8,
    "total": 8
  }
}