{
  "@context": "sevo://v1",
  "@type": "Fitness",
  "@id": "fitness-agent-life-v3-1775390014691-sevo-life-cycle-9-1775392807507",
  "timestamp": "2026-04-05T12:40:07.983Z",
  "agent": "agent:life-v3-1775390014691",
  "eqs": 0.30240000000000006,
  "accuracy": 1,
  "magnitude": 0.050000000000000044,
  "branchesExplored": 1,
  "predictionError": 1,
  "cycleId": "sevo-life-cycle-9-1775392807507",
  "context": {
    "fitness": 0.681,
    "branches": 1,
    "survivalRate": 1,
    "beautyScore": 0.509,
    "efficiency": 0.143,
    "beauty": {
      "symmetry": 0.461,
      "complexity": 0.866,
      "rhythm": 0.098,
      "colorHarmony": 0.72,
      "coverage": 0.329
    },
    "totalTicks": 200,
    "avgAge": 200,
    "correct": 8,
    "total": 8
  }
}