{
  "@context": "sevo://v1",
  "@type": "Fitness",
  "@id": "fitness-agent-life-v3-1775389645056-sevo-life-cycle-4-1775391158572",
  "timestamp": "2026-04-05T12:12:39.148Z",
  "agent": "agent:life-v3-1775389645056",
  "eqs": 0.29219999999999996,
  "accuracy": 1,
  "magnitude": 0.017000000000000015,
  "branchesExplored": 1,
  "predictionError": 1,
  "cycleId": "sevo-life-cycle-4-1775391158572",
  "context": {
    "fitness": 0.705,
    "branches": 1,
    "survivalRate": 1,
    "beautyScore": 0.579,
    "efficiency": 0.155,
    "beauty": {
      "symmetry": 0.595,
      "complexity": 0.856,
      "rhythm": 0.234,
      "colorHarmony": 0.72,
      "coverage": 0.413
    },
    "totalTicks": 200,
    "avgAge": 200,
    "correct": 8,
    "total": 8
  }
}