{
  "@context": "sevo://v1",
  "@type": "Fitness",
  "@id": "fitness-agent-life-v3-1775390014691-sevo-life-cycle-2-1775391106597",
  "timestamp": "2026-04-05T12:11:46.934Z",
  "agent": "agent:life-v3-1775390014691",
  "eqs": 0.2919999999999999,
  "accuracy": 1,
  "magnitude": 0.017999999999999905,
  "branchesExplored": 1,
  "predictionError": 1,
  "cycleId": "sevo-life-cycle-2-1775391106597",
  "context": {
    "fitness": 0.703,
    "branches": 1,
    "survivalRate": 1,
    "beautyScore": 0.569,
    "efficiency": 0.161,
    "beauty": {
      "symmetry": 0.641,
      "complexity": 0.813,
      "rhythm": 0.177,
      "colorHarmony": 0.72,
      "coverage": 0.413
    },
    "totalTicks": 200,
    "avgAge": 200,
    "correct": 8,
    "total": 8
  }
}