{
  "@context": "sevo://v1",
  "@type": "Fitness",
  "@id": "fitness-agent-life-v3-1775390961181-sevo-life-cycle-3-1775391131227",
  "timestamp": "2026-04-05T12:12:12.034Z",
  "agent": "agent:life-v3-1775390961181",
  "eqs": 0.25960000000000005,
  "accuracy": 1,
  "magnitude": 0.008000000000000007,
  "branchesExplored": 1,
  "predictionError": 1,
  "cycleId": "sevo-life-cycle-3-1775391131227",
  "context": {
    "fitness": 0.637,
    "branches": 1,
    "survivalRate": 0.875,
    "beautyScore": 0.565,
    "efficiency": 0.15,
    "beauty": {
      "symmetry": 0.66,
      "complexity": 0.779,
      "rhythm": 0.167,
      "colorHarmony": 0.72,
      "coverage": 0.425
    },
    "totalTicks": 200,
    "avgAge": 182,
    "correct": 7,
    "total": 8
  }
}