{
  "@context": "sevo://v1",
  "@type": "Fitness",
  "@id": "fitness-agent-life-v2-1775386935596-sevo-life-cycle-6-1775391460677",
  "timestamp": "2026-04-05T12:17:41.956Z",
  "agent": "agent:life-v2-1775386935596",
  "eqs": 0.29660000000000003,
  "accuracy": 1,
  "magnitude": 0.041000000000000036,
  "branchesExplored": 1,
  "predictionError": 1,
  "cycleId": "sevo-life-cycle-6-1775391460677",
  "context": {
    "fitness": 0.68,
    "branches": 1,
    "survivalRate": 1,
    "beautyScore": 0.5,
    "efficiency": 0.15,
    "beauty": {
      "symmetry": 0.288,
      "complexity": 0.958,
      "rhythm": 0.146,
      "colorHarmony": 0.767,
      "coverage": 0.296
    },
    "totalTicks": 200,
    "avgAge": 200,
    "correct": 8,
    "total": 8
  }
}