{
  "@context": "sevo://v1",
  "@type": "Fitness",
  "@id": "fitness-agent-life-v3-1775391792883-sevo-life-cycle-2-1775404330196",
  "timestamp": "2026-04-05T15:52:11.683Z",
  "agent": "agent:life-v3-1775391792883",
  "eqs": 0.28259999999999996,
  "accuracy": 1,
  "magnitude": 0.007000000000000006,
  "branchesExplored": 1,
  "predictionError": 1,
  "cycleId": "sevo-life-cycle-2-1775404330196",
  "context": {
    "fitness": 0.696,
    "branches": 1,
    "survivalRate": 1,
    "beautyScore": 0.551,
    "efficiency": 0.154,
    "beauty": {
      "symmetry": 0.568,
      "complexity": 0.828,
      "rhythm": 0.134,
      "colorHarmony": 0.72,
      "coverage": 0.45
    },
    "totalTicks": 200,
    "avgAge": 200,
    "correct": 8,
    "total": 8
  }
}