{
  "@context": "sevo://v1",
  "@type": "Fitness",
  "@id": "fitness-agent-life-v3-1775391566502-sevo-life-cycle-6-1775392992876",
  "timestamp": "2026-04-05T12:43:14.435Z",
  "agent": "agent:life-v3-1775391566502",
  "eqs": 0.32039999999999996,
  "accuracy": 1,
  "magnitude": 0.06999999999999995,
  "branchesExplored": 1,
  "predictionError": 1,
  "cycleId": "sevo-life-cycle-6-1775392992876",
  "context": {
    "fitness": 0.696,
    "branches": 1,
    "survivalRate": 1,
    "beautyScore": 0.559,
    "efficiency": 0.141,
    "beauty": {
      "symmetry": 0.462,
      "complexity": 0.884,
      "rhythm": 0.245,
      "colorHarmony": 0.72,
      "coverage": 0.438
    },
    "totalTicks": 200,
    "avgAge": 200,
    "correct": 8,
    "total": 8
  }
}