{
  "@context": "sevo://v1",
  "@type": "Fitness",
  "@id": "fitness-agent-life-v3-1775390579270-sevo-life-cycle-8-1775391997395",
  "timestamp": "2026-04-05T12:26:38.321Z",
  "agent": "agent:life-v3-1775390579270",
  "eqs": 0.28940000000000005,
  "accuracy": 1,
  "magnitude": 0.013000000000000012,
  "branchesExplored": 1,
  "predictionError": 1,
  "cycleId": "sevo-life-cycle-8-1775391997395",
  "context": {
    "fitness": 0.704,
    "branches": 1,
    "survivalRate": 1,
    "beautyScore": 0.586,
    "efficiency": 0.143,
    "beauty": {
      "symmetry": 0.649,
      "complexity": 0.825,
      "rhythm": 0.246,
      "colorHarmony": 0.72,
      "coverage": 0.4
    },
    "totalTicks": 200,
    "avgAge": 200,
    "correct": 8,
    "total": 8
  }
}