{
  "@context": "sevo://v1",
  "@type": "Fitness",
  "@id": "fitness-agent-life-v3-1775394223733-sevo-life-cycle-1-1775395075274",
  "timestamp": "2026-04-05T13:17:58.357Z",
  "agent": "agent:life-v3-1775394223733",
  "eqs": 0.2793999999999999,
  "accuracy": 1,
  "magnitude": 0.004999999999999893,
  "branchesExplored": 1,
  "predictionError": 1,
  "cycleId": "sevo-life-cycle-1-1775395075274",
  "context": {
    "fitness": 0.691,
    "branches": 1,
    "survivalRate": 1,
    "beautyScore": 0.535,
    "efficiency": 0.152,
    "beauty": {
      "symmetry": 0.651,
      "complexity": 0.726,
      "rhythm": 0.081,
      "colorHarmony": 0.72,
      "coverage": 0.446
    },
    "totalTicks": 200,
    "avgAge": 200,
    "correct": 8,
    "total": 8
  }
}