{
  "@context": "sevo://v1",
  "@type": "Fitness",
  "@id": "fitness-agent-life-v2-1775386725877-sevo-life-cycle-2-1775404330196",
  "timestamp": "2026-04-05T15:52:12.464Z",
  "agent": "agent:life-v2-1775386725877",
  "eqs": 0.28400000000000003,
  "accuracy": 1,
  "magnitude": 0.0040000000000000036,
  "branchesExplored": 1,
  "predictionError": 1,
  "cycleId": "sevo-life-cycle-2-1775404330196",
  "context": {
    "fitness": 0.704,
    "branches": 1,
    "survivalRate": 1,
    "beautyScore": 0.578,
    "efficiency": 0.154,
    "beauty": {
      "symmetry": 0.633,
      "complexity": 0.851,
      "rhythm": 0.266,
      "colorHarmony": 0.72,
      "coverage": 0.308
    },
    "totalTicks": 200,
    "avgAge": 200,
    "correct": 8,
    "total": 8
  }
}