{
  "@context": "sevo://v1",
  "@type": "Fitness",
  "@id": "fitness-agent-life-v3-1775389645056-sevo-life-cycle-5-1775391434552",
  "timestamp": "2026-04-05T12:17:15.157Z",
  "agent": "agent:life-v3-1775389645056",
  "eqs": 0.29219999999999996,
  "accuracy": 1,
  "magnitude": 0.017000000000000015,
  "branchesExplored": 1,
  "predictionError": 1,
  "cycleId": "sevo-life-cycle-5-1775391434552",
  "context": {
    "fitness": 0.705,
    "branches": 1,
    "survivalRate": 1,
    "beautyScore": 0.577,
    "efficiency": 0.16,
    "beauty": {
      "symmetry": 0.615,
      "complexity": 0.857,
      "rhythm": 0.184,
      "colorHarmony": 0.72,
      "coverage": 0.429
    },
    "totalTicks": 200,
    "avgAge": 200,
    "correct": 8,
    "total": 8
  }
}