{
  "@context": "sevo://v1",
  "@type": "Fitness",
  "@id": "fitness-agent-life-v3-1775394223733-sevo-life-cycle-1-1775394917596",
  "timestamp": "2026-04-05T13:15:20.710Z",
  "agent": "agent:life-v3-1775394223733",
  "eqs": 0.29339999999999994,
  "accuracy": 1,
  "magnitude": 0.018999999999999906,
  "branchesExplored": 1,
  "predictionError": 1,
  "cycleId": "sevo-life-cycle-1-1775394917596",
  "context": {
    "fitness": 0.705,
    "branches": 1,
    "survivalRate": 1,
    "beautyScore": 0.581,
    "efficiency": 0.156,
    "beauty": {
      "symmetry": 0.531,
      "complexity": 0.899,
      "rhythm": 0.277,
      "colorHarmony": 0.72,
      "coverage": 0.4
    },
    "totalTicks": 200,
    "avgAge": 200,
    "correct": 8,
    "total": 8
  }
}