{
  "@context": "sevo://v1",
  "@type": "Fitness",
  "@id": "fitness-agent-life-v2-1775386935596-sevo-life-cycle-6-1775388902228",
  "timestamp": "2026-04-05T11:35:02.569Z",
  "agent": "agent:life-v2-1775386935596",
  "eqs": 0.32039999999999996,
  "accuracy": 1,
  "magnitude": 0.06799999999999995,
  "branchesExplored": 1,
  "predictionError": 1,
  "cycleId": "sevo-life-cycle-6-1775388902228",
  "context": {
    "fitness": 0.699,
    "branches": 1,
    "survivalRate": 1,
    "beautyScore": 0.565,
    "efficiency": 0.148,
    "beauty": {
      "symmetry": 0.595,
      "complexity": 0.844,
      "rhythm": 0.195,
      "colorHarmony": 0.72,
      "coverage": 0.392
    },
    "totalTicks": 200,
    "avgAge": 200,
    "correct": 8,
    "total": 8
  }
}