{
  "@context": "sevo://v1",
  "@type": "Fitness",
  "@id": "fitness-agent-life-v4-1775391362987-sevo-life-cycle-8-1775392518817",
  "timestamp": "2026-04-05T12:35:19.254Z",
  "agent": "agent:life-v4-1775391362987",
  "eqs": 0.28300000000000003,
  "accuracy": 1,
  "magnitude": 0.0030000000000000027,
  "branchesExplored": 1,
  "predictionError": 1,
  "cycleId": "sevo-life-cycle-8-1775392518817",
  "context": {
    "fitness": 0.703,
    "branches": 1,
    "survivalRate": 1,
    "beautyScore": 0.579,
    "efficiency": 0.147,
    "beauty": {
      "symmetry": 0.63,
      "complexity": 0.834,
      "rhythm": 0.176,
      "colorHarmony": 0.72,
      "coverage": 0.463
    },
    "totalTicks": 200,
    "avgAge": 200,
    "correct": 8,
    "total": 8
  }
}