{
  "@context": "sevo://v1",
  "@type": "Fitness",
  "@id": "fitness-agent-life-v2-1775386935596-sevo-life-cycle-2-1775403715723",
  "timestamp": "2026-04-05T15:41:58.277Z",
  "agent": "agent:life-v2-1775386935596",
  "eqs": 0.30659999999999993,
  "accuracy": 1,
  "magnitude": 0.050999999999999934,
  "branchesExplored": 1,
  "predictionError": 1,
  "cycleId": "sevo-life-cycle-2-1775403715723",
  "context": {
    "fitness": 0.69,
    "branches": 1,
    "survivalRate": 1,
    "beautyScore": 0.531,
    "efficiency": 0.156,
    "beauty": {
      "symmetry": 0.514,
      "complexity": 0.829,
      "rhythm": 0.163,
      "colorHarmony": 0.72,
      "coverage": 0.363
    },
    "totalTicks": 200,
    "avgAge": 200,
    "correct": 8,
    "total": 8
  }
}