{
  "@context": "sevo://v1",
  "@type": "Fitness",
  "@id": "fitness-agent-life-v3-1775390014691-sevo-life-cycle-3-1775391387962",
  "timestamp": "2026-04-05T12:16:28.451Z",
  "agent": "agent:life-v3-1775390014691",
  "eqs": 0.32639999999999997,
  "accuracy": 1,
  "magnitude": 0.07399999999999995,
  "branchesExplored": 1,
  "predictionError": 1,
  "cycleId": "sevo-life-cycle-3-1775391387962",
  "context": {
    "fitness": 0.705,
    "branches": 1,
    "survivalRate": 1,
    "beautyScore": 0.581,
    "efficiency": 0.152,
    "beauty": {
      "symmetry": 0.623,
      "complexity": 0.843,
      "rhythm": 0.207,
      "colorHarmony": 0.767,
      "coverage": 0.388
    },
    "totalTicks": 200,
    "avgAge": 200,
    "correct": 8,
    "total": 8
  }
}