{
  "@context": "sevo://v1",
  "@type": "Fitness",
  "@id": "fitness-agent-life-v3-1775390091883-sevo-life-cycle-3-1775392123979",
  "timestamp": "2026-04-05T12:28:44.540Z",
  "agent": "agent:life-v3-1775390091883",
  "eqs": 0.30380000000000007,
  "accuracy": 1,
  "magnitude": 0.049000000000000044,
  "branchesExplored": 1,
  "predictionError": 1,
  "cycleId": "sevo-life-cycle-3-1775392123979",
  "context": {
    "fitness": 0.686,
    "branches": 1,
    "survivalRate": 1,
    "beautyScore": 0.521,
    "efficiency": 0.148,
    "beauty": {
      "symmetry": 0.453,
      "complexity": 0.86,
      "rhythm": 0.115,
      "colorHarmony": 0.72,
      "coverage": 0.413
    },
    "totalTicks": 200,
    "avgAge": 200,
    "correct": 8,
    "total": 8
  }
}