{
  "@context": "sevo://v1",
  "@type": "Fitness",
  "@id": "fitness-agent-life-v3-1775391566502-sevo-life-cycle-2-1775393691916",
  "timestamp": "2026-04-05T12:54:53.926Z",
  "agent": "agent:life-v3-1775391566502",
  "eqs": 0.32539999999999997,
  "accuracy": 1,
  "magnitude": 0.07499999999999996,
  "branchesExplored": 1,
  "predictionError": 1,
  "cycleId": "sevo-life-cycle-2-1775393691916",
  "context": {
    "fitness": 0.701,
    "branches": 1,
    "survivalRate": 1,
    "beautyScore": 0.568,
    "efficiency": 0.153,
    "beauty": {
      "symmetry": 0.631,
      "complexity": 0.758,
      "rhythm": 0.187,
      "colorHarmony": 0.72,
      "coverage": 0.5
    },
    "totalTicks": 200,
    "avgAge": 200,
    "correct": 8,
    "total": 8
  }
}