{
  "@context": "sevo://v1",
  "@type": "Fitness",
  "@id": "fitness-agent-life-v3-1775391566502-sevo-life-cycle-1-1775394511235",
  "timestamp": "2026-04-05T13:08:33.591Z",
  "agent": "agent:life-v3-1775391566502",
  "eqs": 0.31739999999999996,
  "accuracy": 1,
  "magnitude": 0.06699999999999995,
  "branchesExplored": 1,
  "predictionError": 1,
  "cycleId": "sevo-life-cycle-1-1775394511235",
  "context": {
    "fitness": 0.693,
    "branches": 1,
    "survivalRate": 1,
    "beautyScore": 0.544,
    "efficiency": 0.15,
    "beauty": {
      "symmetry": 0.489,
      "complexity": 0.893,
      "rhythm": 0.172,
      "colorHarmony": 0.72,
      "coverage": 0.375
    },
    "totalTicks": 200,
    "avgAge": 200,
    "correct": 8,
    "total": 8
  }
}