{
  "@context": "sevo://v1",
  "@type": "Fitness",
  "@id": "fitness-agent-life-v3-1775390014691-sevo-life-cycle-2-1775395099143",
  "timestamp": "2026-04-05T13:18:20.068Z",
  "agent": "agent:life-v3-1775390014691",
  "eqs": 0.30939999999999995,
  "accuracy": 1,
  "magnitude": 0.05699999999999994,
  "branchesExplored": 1,
  "predictionError": 1,
  "cycleId": "sevo-life-cycle-2-1775395099143",
  "context": {
    "fitness": 0.688,
    "branches": 1,
    "survivalRate": 1,
    "beautyScore": 0.528,
    "efficiency": 0.15,
    "beauty": {
      "symmetry": 0.504,
      "complexity": 0.842,
      "rhythm": 0.168,
      "colorHarmony": 0.72,
      "coverage": 0.333
    },
    "totalTicks": 200,
    "avgAge": 200,
    "correct": 8,
    "total": 8
  }
}