{
  "@context": "sevo://v1",
  "@type": "Fitness",
  "@id": "fitness-agent-life-v3-1775390846762-sevo-life-cycle-3-1775392396836",
  "timestamp": "2026-04-05T12:33:17.181Z",
  "agent": "agent:life-v3-1775390846762",
  "eqs": 0.31639999999999996,
  "accuracy": 1,
  "magnitude": 0.061999999999999944,
  "branchesExplored": 1,
  "predictionError": 1,
  "cycleId": "sevo-life-cycle-3-1775392396836",
  "context": {
    "fitness": 0.698,
    "branches": 1,
    "survivalRate": 1,
    "beautyScore": 0.563,
    "efficiency": 0.149,
    "beauty": {
      "symmetry": 0.54,
      "complexity": 0.847,
      "rhythm": 0.202,
      "colorHarmony": 0.72,
      "coverage": 0.45
    },
    "totalTicks": 200,
    "avgAge": 200,
    "correct": 8,
    "total": 8
  }
}