{
  "@context": "sevo://v1",
  "@type": "Fitness",
  "@id": "fitness-agent-life-v3-1775392671841-sevo-life-cycle-5-1775404568489",
  "timestamp": "2026-04-05T15:56:11.779Z",
  "agent": "agent:life-v3-1775392671841",
  "eqs": 0.2803999999999999,
  "accuracy": 1,
  "magnitude": 0.005999999999999894,
  "branchesExplored": 1,
  "predictionError": 1,
  "cycleId": "sevo-life-cycle-5-1775404568489",
  "context": {
    "fitness": 0.692,
    "branches": 1,
    "survivalRate": 1,
    "beautyScore": 0.541,
    "efficiency": 0.146,
    "beauty": {
      "symmetry": 0.392,
      "complexity": 0.955,
      "rhythm": 0.189,
      "colorHarmony": 0.72,
      "coverage": 0.392
    },
    "totalTicks": 200,
    "avgAge": 200,
    "correct": 8,
    "total": 8
  }
}