{
  "@context": "sevo://v1",
  "@type": "Fitness",
  "@id": "fitness-agent-life-v3-1775391566502-sevo-life-cycle-1-1775403683037",
  "timestamp": "2026-04-05T15:41:26.619Z",
  "agent": "agent:life-v3-1775391566502",
  "eqs": 0.32439999999999997,
  "accuracy": 1,
  "magnitude": 0.07399999999999995,
  "branchesExplored": 1,
  "predictionError": 1,
  "cycleId": "sevo-life-cycle-1-1775403683037",
  "context": {
    "fitness": 0.7,
    "branches": 1,
    "survivalRate": 1,
    "beautyScore": 0.571,
    "efficiency": 0.142,
    "beauty": {
      "symmetry": 0.569,
      "complexity": 0.893,
      "rhythm": 0.132,
      "colorHarmony": 0.767,
      "coverage": 0.425
    },
    "totalTicks": 200,
    "avgAge": 200,
    "correct": 8,
    "total": 8
  }
}