{
  "@context": "sevo://v1",
  "@type": "Fitness",
  "@id": "fitness-agent-life-v3-1775391889151-sevo-life-cycle-3-1775392123979",
  "timestamp": "2026-04-05T12:28:45.744Z",
  "agent": "agent:life-v3-1775391889151",
  "eqs": 0.28140000000000004,
  "accuracy": 1,
  "magnitude": 0.0030000000000000027,
  "branchesExplored": 1,
  "predictionError": 1,
  "cycleId": "sevo-life-cycle-3-1775392123979",
  "context": {
    "fitness": 0.699,
    "branches": 1,
    "survivalRate": 1,
    "beautyScore": 0.571,
    "efficiency": 0.139,
    "beauty": {
      "symmetry": 0.534,
      "complexity": 0.926,
      "rhythm": 0.116,
      "colorHarmony": 0.72,
      "coverage": 0.496
    },
    "totalTicks": 200,
    "avgAge": 200,
    "correct": 8,
    "total": 8
  }
}