{
  "@context": "sevo://v1",
  "@type": "Fitness",
  "@id": "fitness-agent-life-v3-1775390961181-sevo-life-cycle-10-1775392043751",
  "timestamp": "2026-04-05T12:27:24.821Z",
  "agent": "agent:life-v3-1775390961181",
  "eqs": 0.30639999999999995,
  "accuracy": 1,
  "magnitude": 0.04999999999999993,
  "branchesExplored": 1,
  "predictionError": 1,
  "cycleId": "sevo-life-cycle-10-1775392043751",
  "context": {
    "fitness": 0.691,
    "branches": 1,
    "survivalRate": 1,
    "beautyScore": 0.537,
    "efficiency": 0.148,
    "beauty": {
      "symmetry": 0.522,
      "complexity": 0.792,
      "rhythm": 0.239,
      "colorHarmony": 0.72,
      "coverage": 0.35
    },
    "totalTicks": 200,
    "avgAge": 200,
    "correct": 8,
    "total": 8
  }
}