{
  "@context": "sevo://v1",
  "@type": "Fitness",
  "@id": "fitness-agent-life-v3-1775391792883-sevo-life-cycle-4-1775391894442",
  "timestamp": "2026-04-05T12:24:55.085Z",
  "agent": "agent:life-v3-1775391792883",
  "eqs": 0.25020000000000003,
  "accuracy": 1,
  "magnitude": 0.0010000000000000009,
  "branchesExplored": 1,
  "predictionError": 1,
  "cycleId": "sevo-life-cycle-4-1775391894442",
  "context": {
    "fitness": 0.624,
    "branches": 1,
    "survivalRate": 0.875,
    "beautyScore": 0.536,
    "efficiency": 0.127,
    "beauty": {
      "symmetry": 0.474,
      "complexity": 0.936,
      "rhythm": 0.141,
      "colorHarmony": 0.72,
      "coverage": 0.317
    },
    "totalTicks": 200,
    "avgAge": 180,
    "correct": 7,
    "total": 8
  }
}