{
  "@context": "sevo://v1",
  "@type": "Fitness",
  "@id": "fitness-agent-life-v3-1775389645056-sevo-life-cycle-2-1775394352324",
  "timestamp": "2026-04-05T13:05:54.255Z",
  "agent": "agent:life-v3-1775389645056",
  "eqs": 0.27719999999999995,
  "accuracy": 1,
  "magnitude": 0.0020000000000000018,
  "branchesExplored": 1,
  "predictionError": 1,
  "cycleId": "sevo-life-cycle-2-1775394352324",
  "context": {
    "fitness": 0.69,
    "branches": 1,
    "survivalRate": 1,
    "beautyScore": 0.535,
    "efficiency": 0.146,
    "beauty": {
      "symmetry": 0.41,
      "complexity": 0.884,
      "rhythm": 0.266,
      "colorHarmony": 0.683,
      "coverage": 0.371
    },
    "totalTicks": 200,
    "avgAge": 200,
    "correct": 8,
    "total": 8
  }
}