{
  "@context": "sevo://v1",
  "@type": "Fitness",
  "@id": "fitness-agent-life-v3-1775390091883-sevo-life-cycle-2-1775394352324",
  "timestamp": "2026-04-05T13:05:53.913Z",
  "agent": "agent:life-v3-1775390091883",
  "eqs": 0.3092000000000001,
  "accuracy": 1,
  "magnitude": 0.05800000000000005,
  "branchesExplored": 1,
  "predictionError": 1,
  "cycleId": "sevo-life-cycle-2-1775394352324",
  "context": {
    "fitness": 0.686,
    "branches": 1,
    "survivalRate": 1,
    "beautyScore": 0.519,
    "efficiency": 0.152,
    "beauty": {
      "symmetry": 0.526,
      "complexity": 0.805,
      "rhythm": 0.13,
      "colorHarmony": 0.767,
      "coverage": 0.3
    },
    "totalTicks": 200,
    "avgAge": 200,
    "correct": 8,
    "total": 8
  }
}