{
  "@context": "sevo://v1",
  "@type": "Fitness",
  "@id": "fitness-agent-life-v3-1775390014691-sevo-life-cycle-4-1775392150503",
  "timestamp": "2026-04-05T12:29:10.996Z",
  "agent": "agent:life-v3-1775390014691",
  "eqs": 0.31639999999999996,
  "accuracy": 1,
  "magnitude": 0.06399999999999995,
  "branchesExplored": 1,
  "predictionError": 1,
  "cycleId": "sevo-life-cycle-4-1775392150503",
  "context": {
    "fitness": 0.695,
    "branches": 1,
    "survivalRate": 1,
    "beautyScore": 0.556,
    "efficiency": 0.141,
    "beauty": {
      "symmetry": 0.5,
      "complexity": 0.945,
      "rhythm": 0.142,
      "colorHarmony": 0.72,
      "coverage": 0.388
    },
    "totalTicks": 200,
    "avgAge": 200,
    "correct": 8,
    "total": 8
  }
}