{
  "@context": "sevo://v1",
  "@type": "Fitness",
  "@id": "fitness-agent-life-v3-1775390014691-sevo-life-cycle-2-1775391853279",
  "timestamp": "2026-04-05T12:24:13.700Z",
  "agent": "agent:life-v3-1775390014691",
  "eqs": 0.32239999999999996,
  "accuracy": 1,
  "magnitude": 0.06999999999999995,
  "branchesExplored": 1,
  "predictionError": 1,
  "cycleId": "sevo-life-cycle-2-1775391853279",
  "context": {
    "fitness": 0.701,
    "branches": 1,
    "survivalRate": 1,
    "beautyScore": 0.57,
    "efficiency": 0.152,
    "beauty": {
      "symmetry": 0.559,
      "complexity": 0.86,
      "rhythm": 0.224,
      "colorHarmony": 0.767,
      "coverage": 0.371
    },
    "totalTicks": 200,
    "avgAge": 200,
    "correct": 8,
    "total": 8
  }
}