{
  "@context": "sevo://v1",
  "@type": "Fitness",
  "@id": "fitness-agent-life-v2-1775386935596-sevo-life-cycle-6-1775393253823",
  "timestamp": "2026-04-05T12:47:34.664Z",
  "agent": "agent:life-v2-1775386935596",
  "eqs": 0.30659999999999993,
  "accuracy": 1,
  "magnitude": 0.050999999999999934,
  "branchesExplored": 1,
  "predictionError": 1,
  "cycleId": "sevo-life-cycle-6-1775393253823",
  "context": {
    "fitness": 0.69,
    "branches": 1,
    "survivalRate": 1,
    "beautyScore": 0.534,
    "efficiency": 0.152,
    "beauty": {
      "symmetry": 0.556,
      "complexity": 0.846,
      "rhythm": 0.055,
      "colorHarmony": 0.767,
      "coverage": 0.379
    },
    "totalTicks": 200,
    "avgAge": 200,
    "correct": 8,
    "total": 8
  }
}