{
  "@context": "sevo://v1",
  "@type": "Fitness",
  "@id": "fitness-agent-life-v3-1775390014691-sevo-life-cycle-1-1775404676830",
  "timestamp": "2026-04-05T15:57:57.852Z",
  "agent": "agent:life-v3-1775390014691",
  "eqs": 0.31939999999999996,
  "accuracy": 1,
  "magnitude": 0.06699999999999995,
  "branchesExplored": 1,
  "predictionError": 1,
  "cycleId": "sevo-life-cycle-1-1775404676830",
  "context": {
    "fitness": 0.698,
    "branches": 1,
    "survivalRate": 1,
    "beautyScore": 0.553,
    "efficiency": 0.158,
    "beauty": {
      "symmetry": 0.474,
      "complexity": 0.947,
      "rhythm": 0.125,
      "colorHarmony": 0.72,
      "coverage": 0.433
    },
    "totalTicks": 200,
    "avgAge": 200,
    "correct": 8,
    "total": 8
  }
}