{
  "@context": "sevo://v1",
  "@type": "Fitness",
  "@id": "fitness-agent-life-v2-1775386935596-sevo-life-cycle-3-1775391636454",
  "timestamp": "2026-04-05T12:20:37.857Z",
  "agent": "agent:life-v2-1775386935596",
  "eqs": 0.30060000000000003,
  "accuracy": 1,
  "magnitude": 0.04500000000000004,
  "branchesExplored": 1,
  "predictionError": 1,
  "cycleId": "sevo-life-cycle-3-1775391636454",
  "context": {
    "fitness": 0.684,
    "branches": 1,
    "survivalRate": 1,
    "beautyScore": 0.509,
    "efficiency": 0.157,
    "beauty": {
      "symmetry": 0.407,
      "complexity": 0.873,
      "rhythm": 0.166,
      "colorHarmony": 0.72,
      "coverage": 0.317
    },
    "totalTicks": 200,
    "avgAge": 200,
    "correct": 8,
    "total": 8
  }
}