{
  "@context": "sevo://v1",
  "@type": "Fitness",
  "@id": "fitness-agent-life-v2-1775386935596-sevo-life-cycle-6-1775390073669",
  "timestamp": "2026-04-05T11:54:34.238Z",
  "agent": "agent:life-v2-1775386935596",
  "eqs": 0.30160000000000003,
  "accuracy": 1,
  "magnitude": 0.04600000000000004,
  "branchesExplored": 1,
  "predictionError": 1,
  "cycleId": "sevo-life-cycle-6-1775390073669",
  "context": {
    "fitness": 0.685,
    "branches": 1,
    "survivalRate": 1,
    "beautyScore": 0.515,
    "efficiency": 0.153,
    "beauty": {
      "symmetry": 0.557,
      "complexity": 0.822,
      "rhythm": 0.121,
      "colorHarmony": 0.72,
      "coverage": 0.258
    },
    "totalTicks": 200,
    "avgAge": 200,
    "correct": 8,
    "total": 8
  }
}