{
  "@context": "sevo://v1",
  "@type": "Fitness",
  "@id": "fitness-agent-life-v3-1775390846762-sevo-life-cycle-2-1775403715723",
  "timestamp": "2026-04-05T15:41:56.417Z",
  "agent": "agent:life-v3-1775390846762",
  "eqs": 0.30939999999999995,
  "accuracy": 1,
  "magnitude": 0.05499999999999994,
  "branchesExplored": 1,
  "predictionError": 1,
  "cycleId": "sevo-life-cycle-2-1775403715723",
  "context": {
    "fitness": 0.691,
    "branches": 1,
    "survivalRate": 1,
    "beautyScore": 0.532,
    "efficiency": 0.158,
    "beauty": {
      "symmetry": 0.439,
      "complexity": 0.918,
      "rhythm": 0.117,
      "colorHarmony": 0.72,
      "coverage": 0.413
    },
    "totalTicks": 200,
    "avgAge": 200,
    "correct": 8,
    "total": 8
  }
}