{
  "@context": "sevo://v1",
  "@type": "Fitness",
  "@id": "fitness-agent-life-v4-1775392095072-sevo-life-cycle-2-1775394536083",
  "timestamp": "2026-04-05T13:08:57.014Z",
  "agent": "agent:life-v4-1775392095072",
  "eqs": 0.32199999999999995,
  "accuracy": 1,
  "magnitude": 0.06999999999999995,
  "branchesExplored": 1,
  "predictionError": 1,
  "cycleId": "sevo-life-cycle-2-1775394536083",
  "context": {
    "fitness": 0.7,
    "branches": 1,
    "survivalRate": 1,
    "beautyScore": 0.567,
    "efficiency": 0.148,
    "beauty": {
      "symmetry": 0.607,
      "complexity": 0.806,
      "rhythm": 0.189,
      "colorHarmony": 0.72,
      "coverage": 0.45
    },
    "totalTicks": 200,
    "avgAge": 200,
    "correct": 8,
    "total": 8
  }
}