{
  "@context": "sevo://v1",
  "@type": "Fitness",
  "@id": "fitness-agent-life-v3-1775390961181-sevo-life-cycle-10-1775391798160",
  "timestamp": "2026-04-05T12:23:19.198Z",
  "agent": "agent:life-v3-1775390961181",
  "eqs": 0.30539999999999995,
  "accuracy": 1,
  "magnitude": 0.04899999999999993,
  "branchesExplored": 1,
  "predictionError": 1,
  "cycleId": "sevo-life-cycle-10-1775391798160",
  "context": {
    "fitness": 0.69,
    "branches": 1,
    "survivalRate": 1,
    "beautyScore": 0.53,
    "efficiency": 0.156,
    "beauty": {
      "symmetry": 0.549,
      "complexity": 0.839,
      "rhythm": 0.086,
      "colorHarmony": 0.72,
      "coverage": 0.388
    },
    "totalTicks": 200,
    "avgAge": 200,
    "correct": 8,
    "total": 8
  }
}