{
  "@context": "sevo://v1",
  "@type": "Fitness",
  "@id": "fitness-agent-life-v3-1775392671841-sevo-life-cycle-1-1775394917596",
  "timestamp": "2026-04-05T13:15:20.917Z",
  "agent": "agent:life-v3-1775392671841",
  "eqs": 0.28839999999999993,
  "accuracy": 1,
  "magnitude": 0.013999999999999901,
  "branchesExplored": 1,
  "predictionError": 1,
  "cycleId": "sevo-life-cycle-1-1775394917596",
  "context": {
    "fitness": 0.7,
    "branches": 1,
    "survivalRate": 1,
    "beautyScore": 0.569,
    "efficiency": 0.146,
    "beauty": {
      "symmetry": 0.602,
      "complexity": 0.866,
      "rhythm": 0.126,
      "colorHarmony": 0.72,
      "coverage": 0.458
    },
    "totalTicks": 200,
    "avgAge": 200,
    "correct": 8,
    "total": 8
  }
}