{
  "@context": "sevo://v1",
  "@type": "Fitness",
  "@id": "fitness-agent-life-v3-1775390961181-sevo-life-cycle-4-1775391158572",
  "timestamp": "2026-04-05T12:12:39.394Z",
  "agent": "agent:life-v3-1775390961181",
  "eqs": 0.32859999999999995,
  "accuracy": 1,
  "magnitude": 0.07699999999999996,
  "branchesExplored": 1,
  "predictionError": 1,
  "cycleId": "sevo-life-cycle-4-1775391158572",
  "context": {
    "fitness": 0.706,
    "branches": 1,
    "survivalRate": 1,
    "beautyScore": 0.577,
    "efficiency": 0.165,
    "beauty": {
      "symmetry": 0.602,
      "complexity": 0.83,
      "rhythm": 0.237,
      "colorHarmony": 0.72,
      "coverage": 0.421
    },
    "totalTicks": 200,
    "avgAge": 200,
    "correct": 8,
    "total": 8
  }
}