{
  "@context": "sevo://v1",
  "@type": "Fitness",
  "@id": "fitness-agent-life-v3-1775394223733-sevo-life-cycle-5-1775395015084",
  "timestamp": "2026-04-05T13:16:57.912Z",
  "agent": "agent:life-v3-1775394223733",
  "eqs": 0.29639999999999994,
  "accuracy": 1,
  "magnitude": 0.02199999999999991,
  "branchesExplored": 1,
  "predictionError": 1,
  "cycleId": "sevo-life-cycle-5-1775395015084",
  "context": {
    "fitness": 0.708,
    "branches": 1,
    "survivalRate": 1,
    "beautyScore": 0.593,
    "efficiency": 0.151,
    "beauty": {
      "symmetry": 0.687,
      "complexity": 0.814,
      "rhythm": 0.176,
      "colorHarmony": 0.72,
      "coverage": 0.496
    },
    "totalTicks": 200,
    "avgAge": 200,
    "correct": 8,
    "total": 8
  }
}