{
  "@context": "sevo://v1",
  "@type": "Fitness",
  "@id": "fitness-agent-life-v2-1775386935596-sevo-life-cycle-10-1775389065497",
  "timestamp": "2026-04-05T11:37:45.817Z",
  "agent": "agent:life-v2-1775386935596",
  "eqs": 0.30140000000000006,
  "accuracy": 1,
  "magnitude": 0.049000000000000044,
  "branchesExplored": 1,
  "predictionError": 1,
  "cycleId": "sevo-life-cycle-10-1775389065497",
  "context": {
    "fitness": 0.68,
    "branches": 1,
    "survivalRate": 1,
    "beautyScore": 0.497,
    "efficiency": 0.154,
    "beauty": {
      "symmetry": 0.486,
      "complexity": 0.859,
      "rhythm": 0.035,
      "colorHarmony": 0.683,
      "coverage": 0.346
    },
    "totalTicks": 200,
    "avgAge": 200,
    "correct": 8,
    "total": 8
  }
}