{
  "@context": "sevo://v1",
  "@type": "Fitness",
  "@id": "fitness-agent-life-v3-1775390846762-sevo-life-cycle-7-1775393020422",
  "timestamp": "2026-04-05T12:43:41.045Z",
  "agent": "agent:life-v3-1775390846762",
  "eqs": 0.30340000000000006,
  "accuracy": 1,
  "magnitude": 0.049000000000000044,
  "branchesExplored": 1,
  "predictionError": 1,
  "cycleId": "sevo-life-cycle-7-1775393020422",
  "context": {
    "fitness": 0.685,
    "branches": 1,
    "survivalRate": 1,
    "beautyScore": 0.515,
    "efficiency": 0.15,
    "beauty": {
      "symmetry": 0.461,
      "complexity": 0.804,
      "rhythm": 0.191,
      "colorHarmony": 0.72,
      "coverage": 0.354
    },
    "totalTicks": 200,
    "avgAge": 200,
    "correct": 8,
    "total": 8
  }
}