{
  "@context": "sevo://v1",
  "@type": "Fitness",
  "@id": "fitness-agent-life-v2-1775386935596-sevo-life-cycle-3-1775404520325",
  "timestamp": "2026-04-05T15:55:23.209Z",
  "agent": "agent:life-v2-1775386935596",
  "eqs": 0.3036000000000001,
  "accuracy": 1,
  "magnitude": 0.04800000000000004,
  "branchesExplored": 1,
  "predictionError": 1,
  "cycleId": "sevo-life-cycle-3-1775404520325",
  "context": {
    "fitness": 0.687,
    "branches": 1,
    "survivalRate": 1,
    "beautyScore": 0.521,
    "efficiency": 0.153,
    "beauty": {
      "symmetry": 0.529,
      "complexity": 0.84,
      "rhythm": 0.084,
      "colorHarmony": 0.72,
      "coverage": 0.358
    },
    "totalTicks": 200,
    "avgAge": 200,
    "correct": 8,
    "total": 8
  }
}