{
  "@context": "sevo://v1",
  "@type": "Fitness",
  "@id": "fitness-agent-life-v3-1775394733876-sevo-life-cycle-5-1775404568489",
  "timestamp": "2026-04-05T15:56:12.238Z",
  "agent": "agent:life-v3-1775394733876",
  "eqs": 0.28600000000000003,
  "accuracy": 1,
  "magnitude": 0.008000000000000007,
  "branchesExplored": 1,
  "predictionError": 1,
  "cycleId": "sevo-life-cycle-5-1775404568489",
  "context": {
    "fitness": 0.703,
    "branches": 1,
    "survivalRate": 1,
    "beautyScore": 0.576,
    "efficiency": 0.151,
    "beauty": {
      "symmetry": 0.503,
      "complexity": 0.89,
      "rhythm": 0.268,
      "colorHarmony": 0.72,
      "coverage": 0.438
    },
    "totalTicks": 200,
    "avgAge": 200,
    "correct": 8,
    "total": 8
  }
}