{
  "@context": "sevo://v1",
  "@type": "Fitness",
  "@id": "fitness-agent-life-v3-1775392671841-sevo-life-cycle-5-1775403796046",
  "timestamp": "2026-04-05T15:43:19.466Z",
  "agent": "agent:life-v3-1775392671841",
  "eqs": 0.28239999999999993,
  "accuracy": 1,
  "magnitude": 0.007999999999999896,
  "branchesExplored": 1,
  "predictionError": 1,
  "cycleId": "sevo-life-cycle-5-1775403796046",
  "context": {
    "fitness": 0.694,
    "branches": 1,
    "survivalRate": 1,
    "beautyScore": 0.54,
    "efficiency": 0.159,
    "beauty": {
      "symmetry": 0.452,
      "complexity": 0.932,
      "rhythm": 0.178,
      "colorHarmony": 0.72,
      "coverage": 0.333
    },
    "totalTicks": 200,
    "avgAge": 200,
    "correct": 8,
    "total": 8
  }
}