{
  "@context": "sevo://v1",
  "@type": "Fitness",
  "@id": "fitness-agent-life-v3-1775390961181-sevo-life-cycle-2-1775404822559",
  "timestamp": "2026-04-05T16:00:24.917Z",
  "agent": "agent:life-v3-1775390961181",
  "eqs": 0.27859999999999996,
  "accuracy": 1,
  "magnitude": 0.004999999999999893,
  "branchesExplored": 1,
  "predictionError": 1,
  "cycleId": "sevo-life-cycle-2-1775404822559",
  "context": {
    "fitness": 0.689,
    "branches": 1,
    "survivalRate": 1,
    "beautyScore": 0.529,
    "efficiency": 0.153,
    "beauty": {
      "symmetry": 0.563,
      "complexity": 0.754,
      "rhythm": 0.166,
      "colorHarmony": 0.72,
      "coverage": 0.388
    },
    "totalTicks": 200,
    "avgAge": 200,
    "correct": 8,
    "total": 8
  }
}