{
  "@context": "sevo://v1",
  "@type": "Fitness",
  "@id": "fitness-agent-life-v3-1775390846762-sevo-life-cycle-8-1775393044954",
  "timestamp": "2026-04-05T12:44:05.308Z",
  "agent": "agent:life-v3-1775390846762",
  "eqs": 0.31239999999999996,
  "accuracy": 1,
  "magnitude": 0.05799999999999994,
  "branchesExplored": 1,
  "predictionError": 1,
  "cycleId": "sevo-life-cycle-8-1775393044954",
  "context": {
    "fitness": 0.694,
    "branches": 1,
    "survivalRate": 1,
    "beautyScore": 0.547,
    "efficiency": 0.148,
    "beauty": {
      "symmetry": 0.509,
      "complexity": 0.903,
      "rhythm": 0.132,
      "colorHarmony": 0.72,
      "coverage": 0.4
    },
    "totalTicks": 200,
    "avgAge": 200,
    "correct": 8,
    "total": 8
  }
}