{
  "@context": "sevo://v1",
  "@type": "Fitness",
  "@id": "fitness-agent-life-v3-1775390961181-sevo-life-cycle-10-1775393355490",
  "timestamp": "2026-04-05T12:49:17.004Z",
  "agent": "agent:life-v3-1775390961181",
  "eqs": 0.29359999999999997,
  "accuracy": 1,
  "magnitude": 0.019999999999999907,
  "branchesExplored": 1,
  "predictionError": 1,
  "cycleId": "sevo-life-cycle-10-1775393355490",
  "context": {
    "fitness": 0.704,
    "branches": 1,
    "survivalRate": 1,
    "beautyScore": 0.58,
    "efficiency": 0.151,
    "beauty": {
      "symmetry": 0.503,
      "complexity": 0.934,
      "rhythm": 0.268,
      "colorHarmony": 0.72,
      "coverage": 0.396
    },
    "totalTicks": 200,
    "avgAge": 200,
    "correct": 8,
    "total": 8
  }
}