{
  "@context": "sevo://v1",
  "@type": "Fitness",
  "@id": "fitness-agent-life-v3-1775390846762-sevo-life-cycle-9-1775393072571",
  "timestamp": "2026-04-05T12:44:32.913Z",
  "agent": "agent:life-v3-1775390846762",
  "eqs": 0.32139999999999996,
  "accuracy": 1,
  "magnitude": 0.06699999999999995,
  "branchesExplored": 1,
  "predictionError": 1,
  "cycleId": "sevo-life-cycle-9-1775393072571",
  "context": {
    "fitness": 0.703,
    "branches": 1,
    "survivalRate": 1,
    "beautyScore": 0.578,
    "efficiency": 0.149,
    "beauty": {
      "symmetry": 0.65,
      "complexity": 0.836,
      "rhythm": 0.237,
      "colorHarmony": 0.72,
      "coverage": 0.342
    },
    "totalTicks": 200,
    "avgAge": 200,
    "correct": 8,
    "total": 8
  }
}