{
  "@context": "sevo://v1",
  "@type": "Fitness",
  "@id": "fitness-agent-life-v3-1775390014691-sevo-life-cycle-5-1775395173196",
  "timestamp": "2026-04-05T13:19:34.102Z",
  "agent": "agent:life-v3-1775390014691",
  "eqs": 0.32539999999999997,
  "accuracy": 1,
  "magnitude": 0.07299999999999995,
  "branchesExplored": 1,
  "predictionError": 1,
  "cycleId": "sevo-life-cycle-5-1775395173196",
  "context": {
    "fitness": 0.704,
    "branches": 1,
    "survivalRate": 1,
    "beautyScore": 0.582,
    "efficiency": 0.149,
    "beauty": {
      "symmetry": 0.608,
      "complexity": 0.816,
      "rhythm": 0.281,
      "colorHarmony": 0.72,
      "coverage": 0.408
    },
    "totalTicks": 200,
    "avgAge": 200,
    "correct": 8,
    "total": 8
  }
}