{
  "@context": "sevo://v1",
  "@type": "Fitness",
  "@id": "fitness-agent-life-v2-1775386935596-sevo-life-cycle-9-1775392021309",
  "timestamp": "2026-04-05T12:27:02.909Z",
  "agent": "agent:life-v2-1775386935596",
  "eqs": 0.31159999999999993,
  "accuracy": 1,
  "magnitude": 0.05599999999999994,
  "branchesExplored": 1,
  "predictionError": 1,
  "cycleId": "sevo-life-cycle-9-1775392021309",
  "context": {
    "fitness": 0.695,
    "branches": 1,
    "survivalRate": 1,
    "beautyScore": 0.547,
    "efficiency": 0.154,
    "beauty": {
      "symmetry": 0.535,
      "complexity": 0.932,
      "rhythm": 0.117,
      "colorHarmony": 0.72,
      "coverage": 0.329
    },
    "totalTicks": 200,
    "avgAge": 200,
    "correct": 8,
    "total": 8
  }
}