{
  "@context": "sevo://v1",
  "@type": "Fitness",
  "@id": "fitness-agent-life-v3-1775391566502-sevo-life-cycle-3-1775404842507",
  "timestamp": "2026-04-05T16:00:45.456Z",
  "agent": "agent:life-v3-1775391566502",
  "eqs": 0.31839999999999996,
  "accuracy": 1,
  "magnitude": 0.06799999999999995,
  "branchesExplored": 1,
  "predictionError": 1,
  "cycleId": "sevo-life-cycle-3-1775404842507",
  "context": {
    "fitness": 0.694,
    "branches": 1,
    "survivalRate": 1,
    "beautyScore": 0.55,
    "efficiency": 0.146,
    "beauty": {
      "symmetry": 0.541,
      "complexity": 0.771,
      "rhythm": 0.31,
      "colorHarmony": 0.683,
      "coverage": 0.383
    },
    "totalTicks": 200,
    "avgAge": 200,
    "correct": 8,
    "total": 8
  }
}