{
  "@context": "sevo://v1",
  "@type": "Fitness",
  "@id": "fitness-agent-life-v3-1775391566502-sevo-life-cycle-3-1775393713893",
  "timestamp": "2026-04-05T12:55:15.821Z",
  "agent": "agent:life-v3-1775391566502",
  "eqs": 0.30940000000000006,
  "accuracy": 1,
  "magnitude": 0.05900000000000005,
  "branchesExplored": 1,
  "predictionError": 1,
  "cycleId": "sevo-life-cycle-3-1775393713893",
  "context": {
    "fitness": 0.685,
    "branches": 1,
    "survivalRate": 1,
    "beautyScore": 0.513,
    "efficiency": 0.155,
    "beauty": {
      "symmetry": 0.497,
      "complexity": 0.816,
      "rhythm": 0.09,
      "colorHarmony": 0.72,
      "coverage": 0.392
    },
    "totalTicks": 200,
    "avgAge": 200,
    "correct": 8,
    "total": 8
  }
}