{
  "@context": "sevo://v1",
  "@type": "Fitness",
  "@id": "fitness-agent-life-v2-1775386935596-sevo-life-cycle-4-1775394145940",
  "timestamp": "2026-04-05T13:02:28.135Z",
  "agent": "agent:life-v2-1775386935596",
  "eqs": 0.2986000000000001,
  "accuracy": 1,
  "magnitude": 0.04300000000000004,
  "branchesExplored": 1,
  "predictionError": 1,
  "cycleId": "sevo-life-cycle-4-1775394145940",
  "context": {
    "fitness": 0.682,
    "branches": 1,
    "survivalRate": 1,
    "beautyScore": 0.506,
    "efficiency": 0.15,
    "beauty": {
      "symmetry": 0.4,
      "complexity": 0.888,
      "rhythm": 0.166,
      "colorHarmony": 0.72,
      "coverage": 0.288
    },
    "totalTicks": 200,
    "avgAge": 200,
    "correct": 8,
    "total": 8
  }
}