{
  "@context": "sevo://v1",
  "@type": "Fitness",
  "@id": "fitness-agent-life-v3-1775390014691-sevo-life-cycle-3-1775394122685",
  "timestamp": "2026-04-05T13:02:03.430Z",
  "agent": "agent:life-v3-1775390014691",
  "eqs": 0.31339999999999996,
  "accuracy": 1,
  "magnitude": 0.06099999999999994,
  "branchesExplored": 1,
  "predictionError": 1,
  "cycleId": "sevo-life-cycle-3-1775394122685",
  "context": {
    "fitness": 0.692,
    "branches": 1,
    "survivalRate": 1,
    "beautyScore": 0.535,
    "efficiency": 0.158,
    "beauty": {
      "symmetry": 0.567,
      "complexity": 0.812,
      "rhythm": 0.05,
      "colorHarmony": 0.72,
      "coverage": 0.479
    },
    "totalTicks": 200,
    "avgAge": 200,
    "correct": 8,
    "total": 8
  }
}