{
  "@context": "sevo://v1",
  "@type": "Fitness",
  "@id": "fitness-agent-life-v3-1775390014691-sevo-life-cycle-9-1775393328832",
  "timestamp": "2026-04-05T12:48:49.704Z",
  "agent": "agent:life-v3-1775390014691",
  "eqs": 0.32639999999999997,
  "accuracy": 1,
  "magnitude": 0.07399999999999995,
  "branchesExplored": 1,
  "predictionError": 1,
  "cycleId": "sevo-life-cycle-9-1775393328832",
  "context": {
    "fitness": 0.705,
    "branches": 1,
    "survivalRate": 1,
    "beautyScore": 0.574,
    "efficiency": 0.162,
    "beauty": {
      "symmetry": 0.705,
      "complexity": 0.689,
      "rhythm": 0.283,
      "colorHarmony": 0.733,
      "coverage": 0.396
    },
    "totalTicks": 200,
    "avgAge": 200,
    "correct": 8,
    "total": 8
  }
}