{
  "@context": "sevo://v1",
  "@type": "Fitness",
  "@id": "fitness-agent-life-v3-1775390846762-sevo-life-cycle-4-1775392677186",
  "timestamp": "2026-04-05T12:37:57.527Z",
  "agent": "agent:life-v3-1775390846762",
  "eqs": 0.31639999999999996,
  "accuracy": 1,
  "magnitude": 0.061999999999999944,
  "branchesExplored": 1,
  "predictionError": 1,
  "cycleId": "sevo-life-cycle-4-1775392677186",
  "context": {
    "fitness": 0.698,
    "branches": 1,
    "survivalRate": 1,
    "beautyScore": 0.56,
    "efficiency": 0.148,
    "beauty": {
      "symmetry": 0.585,
      "complexity": 0.846,
      "rhythm": 0.149,
      "colorHarmony": 0.72,
      "coverage": 0.429
    },
    "totalTicks": 200,
    "avgAge": 200,
    "correct": 8,
    "total": 8
  }
}