{
  "@context": "sevo://v1",
  "@type": "Fitness",
  "@id": "fitness-agent-life-v2-1775386725877-sevo-life-cycle-4-1775392677186",
  "timestamp": "2026-04-05T12:37:58.522Z",
  "agent": "agent:life-v2-1775386725877",
  "eqs": 0.2789999999999999,
  "accuracy": 1,
  "magnitude": 0.004999999999999893,
  "branchesExplored": 1,
  "predictionError": 1,
  "cycleId": "sevo-life-cycle-4-1775392677186",
  "context": {
    "fitness": 0.69,
    "branches": 1,
    "survivalRate": 1,
    "beautyScore": 0.534,
    "efficiency": 0.15,
    "beauty": {
      "symmetry": 0.601,
      "complexity": 0.771,
      "rhythm": 0.127,
      "colorHarmony": 0.72,
      "coverage": 0.383
    },
    "totalTicks": 200,
    "avgAge": 200,
    "correct": 8,
    "total": 8
  }
}