{
  "@context": "sevo://v1",
  "@type": "Fitness",
  "@id": "fitness-agent-life-v2-1775386725877-sevo-life-cycle-4-1775392417836",
  "timestamp": "2026-04-05T12:33:39.090Z",
  "agent": "agent:life-v2-1775386725877",
  "eqs": 0.2799999999999999,
  "accuracy": 1,
  "magnitude": 0.005999999999999894,
  "branchesExplored": 1,
  "predictionError": 1,
  "cycleId": "sevo-life-cycle-4-1775392417836",
  "context": {
    "fitness": 0.691,
    "branches": 1,
    "survivalRate": 1,
    "beautyScore": 0.538,
    "efficiency": 0.149,
    "beauty": {
      "symmetry": 0.574,
      "complexity": 0.863,
      "rhythm": 0.066,
      "colorHarmony": 0.72,
      "coverage": 0.383
    },
    "totalTicks": 200,
    "avgAge": 200,
    "correct": 8,
    "total": 8
  }
}