{
  "@context": "sevo://v1",
  "@type": "Fitness",
  "@id": "fitness-agent-life-v3-1775390846762-sevo-life-cycle-10-1775391798160",
  "timestamp": "2026-04-05T12:23:18.447Z",
  "agent": "agent:life-v3-1775390846762",
  "eqs": 0.30839999999999995,
  "accuracy": 1,
  "magnitude": 0.05399999999999994,
  "branchesExplored": 1,
  "predictionError": 1,
  "cycleId": "sevo-life-cycle-10-1775391798160",
  "context": {
    "fitness": 0.69,
    "branches": 1,
    "survivalRate": 1,
    "beautyScore": 0.532,
    "efficiency": 0.152,
    "beauty": {
      "symmetry": 0.509,
      "complexity": 0.846,
      "rhythm": 0.126,
      "colorHarmony": 0.72,
      "coverage": 0.396
    },
    "totalTicks": 200,
    "avgAge": 200,
    "correct": 8,
    "total": 8
  }
}