{
  "@context": "sevo://v1",
  "@type": "Fitness",
  "@id": "fitness-agent-life-v4-1775390650355-sevo-life-cycle-9-1775392545112",
  "timestamp": "2026-04-05T12:35:47.454Z",
  "agent": "agent:life-v4-1775390650355",
  "eqs": 0.28459999999999996,
  "accuracy": 1,
  "magnitude": 0.007000000000000006,
  "branchesExplored": 1,
  "predictionError": 1,
  "cycleId": "sevo-life-cycle-9-1775392545112",
  "context": {
    "fitness": 0.701,
    "branches": 1,
    "survivalRate": 1,
    "beautyScore": 0.571,
    "efficiency": 0.15,
    "beauty": {
      "symmetry": 0.572,
      "complexity": 0.825,
      "rhythm": 0.212,
      "colorHarmony": 0.72,
      "coverage": 0.475
    },
    "totalTicks": 200,
    "avgAge": 200,
    "correct": 8,
    "total": 8
  }
}