{
  "@context": "sevo://v1",
  "@type": "Fitness",
  "@id": "fitness-agent-life-v2-1775386725877-sevo-life-cycle-2-1775392100385",
  "timestamp": "2026-04-05T12:28:21.953Z",
  "agent": "agent:life-v2-1775386725877",
  "eqs": 0.2859999999999999,
  "accuracy": 1,
  "magnitude": 0.0119999999999999,
  "branchesExplored": 1,
  "predictionError": 1,
  "cycleId": "sevo-life-cycle-2-1775392100385",
  "context": {
    "fitness": 0.697,
    "branches": 1,
    "survivalRate": 1,
    "beautyScore": 0.556,
    "efficiency": 0.151,
    "beauty": {
      "symmetry": 0.521,
      "complexity": 0.858,
      "rhythm": 0.229,
      "colorHarmony": 0.72,
      "coverage": 0.383
    },
    "totalTicks": 200,
    "avgAge": 200,
    "correct": 8,
    "total": 8
  }
}