{
  "@context": "sevo://v1",
  "@type": "Fitness",
  "@id": "fitness-agent-life-v2-1775386935596-sevo-life-cycle-3-1775404842507",
  "timestamp": "2026-04-05T16:00:45.677Z",
  "agent": "agent:life-v2-1775386935596",
  "eqs": 0.31759999999999994,
  "accuracy": 1,
  "magnitude": 0.061999999999999944,
  "branchesExplored": 1,
  "predictionError": 1,
  "cycleId": "sevo-life-cycle-3-1775404842507",
  "context": {
    "fitness": 0.701,
    "branches": 1,
    "survivalRate": 1,
    "beautyScore": 0.566,
    "efficiency": 0.155,
    "beauty": {
      "symmetry": 0.597,
      "complexity": 0.862,
      "rhythm": 0.217,
      "colorHarmony": 0.72,
      "coverage": 0.329
    },
    "totalTicks": 200,
    "avgAge": 200,
    "correct": 8,
    "total": 8
  }
}