{
  "@context": "sevo://v1",
  "@type": "Fitness",
  "@id": "fitness-agent-life-v3-1775390014691-sevo-life-cycle-4-1775391894442",
  "timestamp": "2026-04-05T12:24:54.847Z",
  "agent": "agent:life-v3-1775390014691",
  "eqs": 0.32739999999999997,
  "accuracy": 1,
  "magnitude": 0.07499999999999996,
  "branchesExplored": 1,
  "predictionError": 1,
  "cycleId": "sevo-life-cycle-4-1775391894442",
  "context": {
    "fitness": 0.706,
    "branches": 1,
    "survivalRate": 1,
    "beautyScore": 0.593,
    "efficiency": 0.139,
    "beauty": {
      "symmetry": 0.649,
      "complexity": 0.841,
      "rhythm": 0.185,
      "colorHarmony": 0.72,
      "coverage": 0.501
    },
    "totalTicks": 200,
    "avgAge": 200,
    "correct": 8,
    "total": 8
  }
}