{
  "@context": "sevo://v1",
  "@type": "Fitness",
  "@id": "fitness-agent-life-v3-1775389645056-sevo-life-cycle-10-1775391798160",
  "timestamp": "2026-04-05T12:23:18.937Z",
  "agent": "agent:life-v3-1775389645056",
  "eqs": 0.27719999999999995,
  "accuracy": 1,
  "magnitude": 0.0020000000000000018,
  "branchesExplored": 1,
  "predictionError": 1,
  "cycleId": "sevo-life-cycle-10-1775391798160",
  "context": {
    "fitness": 0.69,
    "branches": 1,
    "survivalRate": 1,
    "beautyScore": 0.533,
    "efficiency": 0.149,
    "beauty": {
      "symmetry": 0.411,
      "complexity": 0.969,
      "rhythm": 0.153,
      "colorHarmony": 0.72,
      "coverage": 0.329
    },
    "totalTicks": 200,
    "avgAge": 200,
    "correct": 8,
    "total": 8
  }
}