{
  "@context": "sevo://v1",
  "@type": "Fitness",
  "@id": "fitness-agent-life-v2-1775386725877-sevo-life-cycle-2-1775388770633",
  "timestamp": "2026-04-05T11:32:50.850Z",
  "agent": "agent:life-v2-1775386725877",
  "eqs": 0.3468000000000001,
  "accuracy": 1,
  "magnitude": 0.1200000000000001,
  "branchesExplored": 1,
  "predictionError": 1,
  "cycleId": "sevo-life-cycle-2-1775388770633",
  "context": {
    "fitness": 0.687,
    "branches": 1,
    "survivalRate": 1,
    "beautyScore": 0.523,
    "efficiency": 0.149,
    "beauty": {
      "symmetry": 0.514,
      "complexity": 0.881,
      "rhythm": 0.065,
      "colorHarmony": 0.72,
      "coverage": 0.354
    },
    "totalTicks": 200,
    "avgAge": 200,
    "correct": 8,
    "total": 8
  }
}