{
  "@context": "sevo://v1",
  "@type": "Fitness",
  "@id": "fitness-agent-life-v3-1775390846762-sevo-life-cycle-8-1775391997395",
  "timestamp": "2026-04-05T12:26:37.687Z",
  "agent": "agent:life-v3-1775390846762",
  "eqs": 0.30939999999999995,
  "accuracy": 1,
  "magnitude": 0.05499999999999994,
  "branchesExplored": 1,
  "predictionError": 1,
  "cycleId": "sevo-life-cycle-8-1775391997395",
  "context": {
    "fitness": 0.691,
    "branches": 1,
    "survivalRate": 1,
    "beautyScore": 0.539,
    "efficiency": 0.146,
    "beauty": {
      "symmetry": 0.578,
      "complexity": 0.837,
      "rhythm": 0.093,
      "colorHarmony": 0.72,
      "coverage": 0.392
    },
    "totalTicks": 200,
    "avgAge": 200,
    "correct": 8,
    "total": 8
  }
}