{
  "@context": "sevo://v1",
  "@type": "Fitness",
  "@id": "fitness-agent-life-v3-1775390961181-sevo-life-cycle-3-1775394376901",
  "timestamp": "2026-04-05T13:06:18.586Z",
  "agent": "agent:life-v3-1775390961181",
  "eqs": 0.2795999999999999,
  "accuracy": 1,
  "magnitude": 0.005999999999999894,
  "branchesExplored": 1,
  "predictionError": 1,
  "cycleId": "sevo-life-cycle-3-1775394376901",
  "context": {
    "fitness": 0.69,
    "branches": 1,
    "survivalRate": 1,
    "beautyScore": 0.538,
    "efficiency": 0.145,
    "beauty": {
      "symmetry": 0.444,
      "complexity": 0.952,
      "rhythm": 0.167,
      "colorHarmony": 0.72,
      "coverage": 0.317
    },
    "totalTicks": 200,
    "avgAge": 200,
    "correct": 8,
    "total": 8
  }
}