{
  "@context": "sevo://v1",
  "@type": "Fitness",
  "@id": "fitness-agent-life-v3-1775391566502-sevo-life-cycle-8-1775392781425",
  "timestamp": "2026-04-05T12:39:43.187Z",
  "agent": "agent:life-v3-1775391566502",
  "eqs": 0.32039999999999996,
  "accuracy": 1,
  "magnitude": 0.06999999999999995,
  "branchesExplored": 1,
  "predictionError": 1,
  "cycleId": "sevo-life-cycle-8-1775392781425",
  "context": {
    "fitness": 0.696,
    "branches": 1,
    "survivalRate": 1,
    "beautyScore": 0.554,
    "efficiency": 0.146,
    "beauty": {
      "symmetry": 0.508,
      "complexity": 0.855,
      "rhythm": 0.278,
      "colorHarmony": 0.72,
      "coverage": 0.333
    },
    "totalTicks": 200,
    "avgAge": 200,
    "correct": 8,
    "total": 8
  }
}