{
  "@context": "sevo://v1",
  "@type": "Fitness",
  "@id": "fitness-agent-life-v3-1775390918981-sevo-life-cycle-1-1775404032254",
  "timestamp": "2026-04-05T15:47:16.433Z",
  "agent": "agent:life-v3-1775390918981",
  "eqs": 0.28500000000000003,
  "accuracy": 1,
  "magnitude": 0.009000000000000008,
  "branchesExplored": 1,
  "predictionError": 1,
  "cycleId": "sevo-life-cycle-1-1775404032254",
  "context": {
    "fitness": 0.699,
    "branches": 1,
    "survivalRate": 1,
    "beautyScore": 0.562,
    "efficiency": 0.153,
    "beauty": {
      "symmetry": 0.548,
      "complexity": 0.924,
      "rhythm": 0.153,
      "colorHarmony": 0.72,
      "coverage": 0.367
    },
    "totalTicks": 200,
    "avgAge": 200,
    "correct": 8,
    "total": 8
  }
}