{
  "@context": "sevo://v1",
  "@type": "Fitness",
  "@id": "fitness-agent-life-v3-1775394223733-sevo-life-cycle-3-1775404520325",
  "timestamp": "2026-04-05T15:55:23.399Z",
  "agent": "agent:life-v3-1775394223733",
  "eqs": 0.2793999999999999,
  "accuracy": 1,
  "magnitude": 0.004999999999999893,
  "branchesExplored": 1,
  "predictionError": 1,
  "cycleId": "sevo-life-cycle-3-1775404520325",
  "context": {
    "fitness": 0.691,
    "branches": 1,
    "survivalRate": 1,
    "beautyScore": 0.534,
    "efficiency": 0.155,
    "beauty": {
      "symmetry": 0.469,
      "complexity": 0.887,
      "rhythm": 0.056,
      "colorHarmony": 0.72,
      "coverage": 0.501
    },
    "totalTicks": 200,
    "avgAge": 200,
    "correct": 8,
    "total": 8
  }
}