{
  "@context": "sevo://v1",
  "@type": "Fitness",
  "@id": "fitness-agent-life-v2-1775386935596-sevo-life-cycle-3-1775392912917",
  "timestamp": "2026-04-05T12:41:54.602Z",
  "agent": "agent:life-v2-1775386935596",
  "eqs": 0.2986000000000001,
  "accuracy": 1,
  "magnitude": 0.04300000000000004,
  "branchesExplored": 1,
  "predictionError": 1,
  "cycleId": "sevo-life-cycle-3-1775392912917",
  "context": {
    "fitness": 0.682,
    "branches": 1,
    "survivalRate": 1,
    "beautyScore": 0.503,
    "efficiency": 0.157,
    "beauty": {
      "symmetry": 0.327,
      "complexity": 0.959,
      "rhythm": 0.107,
      "colorHarmony": 0.72,
      "coverage": 0.35
    },
    "totalTicks": 200,
    "avgAge": 200,
    "correct": 8,
    "total": 8
  }
}