{
  "@context": "sevo://v1",
  "@type": "Fitness",
  "@id": "fitness-agent-life-v3-1775390091883-sevo-life-cycle-1-1775394325439",
  "timestamp": "2026-04-05T13:05:26.455Z",
  "agent": "agent:life-v3-1775390091883",
  "eqs": 0.3052000000000001,
  "accuracy": 1,
  "magnitude": 0.05400000000000005,
  "branchesExplored": 1,
  "predictionError": 1,
  "cycleId": "sevo-life-cycle-1-1775394325439",
  "context": {
    "fitness": 0.682,
    "branches": 1,
    "survivalRate": 1,
    "beautyScore": 0.506,
    "efficiency": 0.149,
    "beauty": {
      "symmetry": 0.43,
      "complexity": 0.891,
      "rhythm": 0.069,
      "colorHarmony": 0.767,
      "coverage": 0.313
    },
    "totalTicks": 200,
    "avgAge": 200,
    "correct": 8,
    "total": 8
  }
}