{
  "@context": "sevo://v1",
  "@type": "Fitness",
  "@id": "fitness-agent-life-v3-1775390846762-sevo-life-cycle-3-1775391131227",
  "timestamp": "2026-04-05T12:12:11.471Z",
  "agent": "agent:life-v3-1775390846762",
  "eqs": 0.31539999999999996,
  "accuracy": 1,
  "magnitude": 0.06099999999999994,
  "branchesExplored": 1,
  "predictionError": 1,
  "cycleId": "sevo-life-cycle-3-1775391131227",
  "context": {
    "fitness": 0.697,
    "branches": 1,
    "survivalRate": 1,
    "beautyScore": 0.553,
    "efficiency": 0.157,
    "beauty": {
      "symmetry": 0.652,
      "complexity": 0.722,
      "rhythm": 0.132,
      "colorHarmony": 0.72,
      "coverage": 0.501
    },
    "totalTicks": 200,
    "avgAge": 200,
    "correct": 8,
    "total": 8
  }
}