{
  "@context": "sevo://v1",
  "@type": "Fitness",
  "@id": "fitness-agent-life-v3-1775390961181-sevo-life-cycle-1-1775404676830",
  "timestamp": "2026-04-05T15:57:59.182Z",
  "agent": "agent:life-v3-1775390961181",
  "eqs": 0.2905999999999999,
  "accuracy": 1,
  "magnitude": 0.016999999999999904,
  "branchesExplored": 1,
  "predictionError": 1,
  "cycleId": "sevo-life-cycle-1-1775404676830",
  "context": {
    "fitness": 0.701,
    "branches": 1,
    "survivalRate": 1,
    "beautyScore": 0.571,
    "efficiency": 0.15,
    "beauty": {
      "symmetry": 0.561,
      "complexity": 0.85,
      "rhythm": 0.28,
      "colorHarmony": 0.683,
      "coverage": 0.4
    },
    "totalTicks": 200,
    "avgAge": 200,
    "correct": 8,
    "total": 8
  }
}