{
  "@context": "sevo://v1",
  "@type": "Fitness",
  "@id": "fitness-agent-life-v2-1775386935596-sevo-life-cycle-10-1775390772861",
  "timestamp": "2026-04-05T12:06:13.287Z",
  "agent": "agent:life-v2-1775386935596",
  "eqs": 0.31859999999999994,
  "accuracy": 1,
  "magnitude": 0.06299999999999994,
  "branchesExplored": 1,
  "predictionError": 1,
  "cycleId": "sevo-life-cycle-10-1775390772861",
  "context": {
    "fitness": 0.702,
    "branches": 1,
    "survivalRate": 1,
    "beautyScore": 0.573,
    "efficiency": 0.151,
    "beauty": {
      "symmetry": 0.552,
      "complexity": 0.885,
      "rhythm": 0.225,
      "colorHarmony": 0.767,
      "coverage": 0.358
    },
    "totalTicks": 200,
    "avgAge": 200,
    "correct": 8,
    "total": 8
  }
}