{
  "@context": "sevo://v1",
  "@type": "Fitness",
  "@id": "fitness-agent-life-v3-1775391792883-sevo-life-cycle-1-1775393808173",
  "timestamp": "2026-04-05T12:56:49.316Z",
  "agent": "agent:life-v3-1775391792883",
  "eqs": 0.28159999999999996,
  "accuracy": 1,
  "magnitude": 0.006000000000000005,
  "branchesExplored": 1,
  "predictionError": 1,
  "cycleId": "sevo-life-cycle-1-1775393808173",
  "context": {
    "fitness": 0.695,
    "branches": 1,
    "survivalRate": 1,
    "beautyScore": 0.548,
    "efficiency": 0.152,
    "beauty": {
      "symmetry": 0.533,
      "complexity": 0.869,
      "rhythm": 0.133,
      "colorHarmony": 0.72,
      "coverage": 0.421
    },
    "totalTicks": 200,
    "avgAge": 200,
    "correct": 8,
    "total": 8
  }
}