{
  "@context": "sevo://v1",
  "@type": "Fitness",
  "@id": "fitness-agent-life-v3-1775390846762-sevo-life-cycle-8-1775392781425",
  "timestamp": "2026-04-05T12:39:41.774Z",
  "agent": "agent:life-v3-1775390846762",
  "eqs": 0.31139999999999995,
  "accuracy": 1,
  "magnitude": 0.05699999999999994,
  "branchesExplored": 1,
  "predictionError": 1,
  "cycleId": "sevo-life-cycle-8-1775392781425",
  "context": {
    "fitness": 0.693,
    "branches": 1,
    "survivalRate": 1,
    "beautyScore": 0.547,
    "efficiency": 0.143,
    "beauty": {
      "symmetry": 0.56,
      "complexity": 0.814,
      "rhythm": 0.193,
      "colorHarmony": 0.72,
      "coverage": 0.379
    },
    "totalTicks": 200,
    "avgAge": 200,
    "correct": 8,
    "total": 8
  }
}