{
  "@context": "sevo://v1",
  "@type": "Fitness",
  "@id": "fitness-agent-life-v3-1775391566502-sevo-life-cycle-1-1775404802777",
  "timestamp": "2026-04-05T16:00:06.141Z",
  "agent": "agent:life-v3-1775391566502",
  "eqs": 0.31040000000000006,
  "accuracy": 1,
  "magnitude": 0.06000000000000005,
  "branchesExplored": 1,
  "predictionError": 1,
  "cycleId": "sevo-life-cycle-1-1775404802777",
  "context": {
    "fitness": 0.686,
    "branches": 1,
    "survivalRate": 1,
    "beautyScore": 0.516,
    "efficiency": 0.154,
    "beauty": {
      "symmetry": 0.495,
      "complexity": 0.895,
      "rhythm": 0.086,
      "colorHarmony": 0.72,
      "coverage": 0.288
    },
    "totalTicks": 200,
    "avgAge": 200,
    "correct": 8,
    "total": 8
  }
}