{
  "@context": "sevo://v1",
  "@type": "Fitness",
  "@id": "fitness-agent-life-v3-1775390961181-sevo-life-cycle-9-1775392545112",
  "timestamp": "2026-04-05T12:35:46.622Z",
  "agent": "agent:life-v3-1775390961181",
  "eqs": 0.30839999999999995,
  "accuracy": 1,
  "magnitude": 0.051999999999999935,
  "branchesExplored": 1,
  "predictionError": 1,
  "cycleId": "sevo-life-cycle-9-1775392545112",
  "context": {
    "fitness": 0.693,
    "branches": 1,
    "survivalRate": 1,
    "beautyScore": 0.545,
    "efficiency": 0.145,
    "beauty": {
      "symmetry": 0.589,
      "complexity": 0.761,
      "rhythm": 0.123,
      "colorHarmony": 0.72,
      "coverage": 0.5
    },
    "totalTicks": 200,
    "avgAge": 200,
    "correct": 8,
    "total": 8
  }
}