{
  "@context": "sevo://v1",
  "@type": "Fitness",
  "@id": "fitness-agent-life-v3-1775391792883-sevo-life-cycle-4-1775392677186",
  "timestamp": "2026-04-05T12:37:57.939Z",
  "agent": "agent:life-v3-1775391792883",
  "eqs": 0.3161999999999999,
  "accuracy": 1,
  "magnitude": 0.06699999999999995,
  "branchesExplored": 1,
  "predictionError": 1,
  "cycleId": "sevo-life-cycle-4-1775392677186",
  "context": {
    "fitness": 0.69,
    "branches": 1,
    "survivalRate": 1,
    "beautyScore": 0.535,
    "efficiency": 0.144,
    "beauty": {
      "symmetry": 0.496,
      "complexity": 0.865,
      "rhythm": 0.16,
      "colorHarmony": 0.72,
      "coverage": 0.367
    },
    "totalTicks": 200,
    "avgAge": 200,
    "correct": 8,
    "total": 8
  }
}