{
  "@context": "sevo://v1",
  "@type": "Fitness",
  "@id": "fitness-agent-life-v2-1775386935596-sevo-life-cycle-9-1775390746257",
  "timestamp": "2026-04-05T12:05:47.063Z",
  "agent": "agent:life-v2-1775386935596",
  "eqs": 0.30859999999999993,
  "accuracy": 1,
  "magnitude": 0.052999999999999936,
  "branchesExplored": 1,
  "predictionError": 1,
  "cycleId": "sevo-life-cycle-9-1775390746257",
  "context": {
    "fitness": 0.692,
    "branches": 1,
    "survivalRate": 1,
    "beautyScore": 0.535,
    "efficiency": 0.156,
    "beauty": {
      "symmetry": 0.535,
      "complexity": 0.884,
      "rhythm": 0.165,
      "colorHarmony": 0.683,
      "coverage": 0.3
    },
    "totalTicks": 200,
    "avgAge": 200,
    "correct": 8,
    "total": 8
  }
}