{
  "@context": "sevo://v1",
  "@type": "Fitness",
  "@id": "fitness-agent-life-v3-1775392671841-sevo-life-cycle-1-1775394690945",
  "timestamp": "2026-04-05T13:11:34.126Z",
  "agent": "agent:life-v3-1775392671841",
  "eqs": 0.2793999999999999,
  "accuracy": 1,
  "magnitude": 0.004999999999999893,
  "branchesExplored": 1,
  "predictionError": 1,
  "cycleId": "sevo-life-cycle-1-1775394690945",
  "context": {
    "fitness": 0.691,
    "branches": 1,
    "survivalRate": 1,
    "beautyScore": 0.545,
    "efficiency": 0.138,
    "beauty": {
      "symmetry": 0.54,
      "complexity": 0.889,
      "rhythm": 0.172,
      "colorHarmony": 0.72,
      "coverage": 0.304
    },
    "totalTicks": 200,
    "avgAge": 200,
    "correct": 8,
    "total": 8
  }
}