{
  "@context": "sevo://v1",
  "@type": "Fitness",
  "@id": "fitness-agent-life-v3-1775390014691-sevo-life-cycle-5-1775394790050",
  "timestamp": "2026-04-05T13:13:10.910Z",
  "agent": "agent:life-v3-1775390014691",
  "eqs": 0.32939999999999997,
  "accuracy": 1,
  "magnitude": 0.07699999999999996,
  "branchesExplored": 1,
  "predictionError": 1,
  "cycleId": "sevo-life-cycle-5-1775394790050",
  "context": {
    "fitness": 0.708,
    "branches": 1,
    "survivalRate": 1,
    "beautyScore": 0.601,
    "efficiency": 0.141,
    "beauty": {
      "symmetry": 0.715,
      "complexity": 0.77,
      "rhythm": 0.257,
      "colorHarmony": 0.72,
      "coverage": 0.467
    },
    "totalTicks": 200,
    "avgAge": 200,
    "correct": 8,
    "total": 8
  }
}