{
  "@context": "sevo://v1",
  "@type": "Fitness",
  "@id": "fitness-agent-life-v3-1775390918981-sevo-life-cycle-1-1775404676830",
  "timestamp": "2026-04-05T15:58:01.372Z",
  "agent": "agent:life-v3-1775390918981",
  "eqs": 0.28099999999999997,
  "accuracy": 1,
  "magnitude": 0.0050000000000000044,
  "branchesExplored": 1,
  "predictionError": 1,
  "cycleId": "sevo-life-cycle-1-1775404676830",
  "context": {
    "fitness": 0.695,
    "branches": 1,
    "survivalRate": 1,
    "beautyScore": 0.549,
    "efficiency": 0.151,
    "beauty": {
      "symmetry": 0.447,
      "complexity": 0.925,
      "rhythm": 0.146,
      "colorHarmony": 0.72,
      "coverage": 0.463
    },
    "totalTicks": 200,
    "avgAge": 200,
    "correct": 8,
    "total": 8
  }
}