{
  "@context": "sevo://v1",
  "@type": "Fitness",
  "@id": "fitness-agent-life-v3-1775390918981-sevo-life-cycle-1-1775404467671",
  "timestamp": "2026-04-05T15:54:32.245Z",
  "agent": "agent:life-v3-1775390918981",
  "eqs": 0.27799999999999997,
  "accuracy": 1,
  "magnitude": 0.0020000000000000018,
  "branchesExplored": 1,
  "predictionError": 1,
  "cycleId": "sevo-life-cycle-1-1775404467671",
  "context": {
    "fitness": 0.692,
    "branches": 1,
    "survivalRate": 1,
    "beautyScore": 0.536,
    "efficiency": 0.154,
    "beauty": {
      "symmetry": 0.466,
      "complexity": 0.933,
      "rhythm": 0.104,
      "colorHarmony": 0.72,
      "coverage": 0.383
    },
    "totalTicks": 200,
    "avgAge": 200,
    "correct": 8,
    "total": 8
  }
}