{
  "@context": "sevo://v1",
  "@type": "Fitness",
  "@id": "fitness-agent-life-v3-1775390014691-sevo-life-cycle-3-1775393713893",
  "timestamp": "2026-04-05T12:55:14.625Z",
  "agent": "agent:life-v3-1775390014691",
  "eqs": 0.30740000000000006,
  "accuracy": 1,
  "magnitude": 0.05500000000000005,
  "branchesExplored": 1,
  "predictionError": 1,
  "cycleId": "sevo-life-cycle-3-1775393713893",
  "context": {
    "fitness": 0.686,
    "branches": 1,
    "survivalRate": 1,
    "beautyScore": 0.515,
    "efficiency": 0.159,
    "beauty": {
      "symmetry": 0.418,
      "complexity": 0.86,
      "rhythm": 0.191,
      "colorHarmony": 0.72,
      "coverage": 0.329
    },
    "totalTicks": 200,
    "avgAge": 200,
    "correct": 8,
    "total": 8
  }
}