{
  "@context": "sevo://v1",
  "@type": "Fitness",
  "@id": "fitness-agent-life-v3-1775394223733-sevo-life-cycle-2-1775395099143",
  "timestamp": "2026-04-05T13:18:22.004Z",
  "agent": "agent:life-v3-1775394223733",
  "eqs": 0.28839999999999993,
  "accuracy": 1,
  "magnitude": 0.013999999999999901,
  "branchesExplored": 1,
  "predictionError": 1,
  "cycleId": "sevo-life-cycle-2-1775395099143",
  "context": {
    "fitness": 0.7,
    "branches": 1,
    "survivalRate": 1,
    "beautyScore": 0.57,
    "efficiency": 0.143,
    "beauty": {
      "symmetry": 0.588,
      "complexity": 0.805,
      "rhythm": 0.194,
      "colorHarmony": 0.72,
      "coverage": 0.501
    },
    "totalTicks": 200,
    "avgAge": 200,
    "correct": 8,
    "total": 8
  }
}