{
  "@context": "sevo://v1",
  "@type": "Fitness",
  "@id": "fitness-agent-life-v3-1775394223733-sevo-life-cycle-5-1775395173196",
  "timestamp": "2026-04-05T13:19:36.049Z",
  "agent": "agent:life-v3-1775394223733",
  "eqs": 0.28239999999999993,
  "accuracy": 1,
  "magnitude": 0.007999999999999896,
  "branchesExplored": 1,
  "predictionError": 1,
  "cycleId": "sevo-life-cycle-5-1775395173196",
  "context": {
    "fitness": 0.694,
    "branches": 1,
    "survivalRate": 1,
    "beautyScore": 0.548,
    "efficiency": 0.147,
    "beauty": {
      "symmetry": 0.482,
      "complexity": 0.91,
      "rhythm": 0.198,
      "colorHarmony": 0.683,
      "coverage": 0.388
    },
    "totalTicks": 200,
    "avgAge": 200,
    "correct": 8,
    "total": 8
  }
}