{
  "@context": "sevo://v1",
  "@type": "Fitness",
  "@id": "fitness-agent-life-v3-1775391566502-sevo-life-cycle-10-1775392831414",
  "timestamp": "2026-04-05T12:40:32.946Z",
  "agent": "agent:life-v3-1775391566502",
  "eqs": 0.31239999999999996,
  "accuracy": 1,
  "magnitude": 0.061999999999999944,
  "branchesExplored": 1,
  "predictionError": 1,
  "cycleId": "sevo-life-cycle-10-1775392831414",
  "context": {
    "fitness": 0.688,
    "branches": 1,
    "survivalRate": 1,
    "beautyScore": 0.53,
    "efficiency": 0.144,
    "beauty": {
      "symmetry": 0.493,
      "complexity": 0.871,
      "rhythm": 0.109,
      "colorHarmony": 0.72,
      "coverage": 0.392
    },
    "totalTicks": 200,
    "avgAge": 200,
    "correct": 8,
    "total": 8
  }
}