{
  "@context": "sevo://v1",
  "@type": "Fitness",
  "@id": "fitness-agent-life-v2-1775386935596-sevo-life-cycle-9-1775389401798",
  "timestamp": "2026-04-05T11:43:22.117Z",
  "agent": "agent:life-v2-1775386935596",
  "eqs": 0.31039999999999995,
  "accuracy": 1,
  "magnitude": 0.05799999999999994,
  "branchesExplored": 1,
  "predictionError": 1,
  "cycleId": "sevo-life-cycle-9-1775389401798",
  "context": {
    "fitness": 0.689,
    "branches": 1,
    "survivalRate": 1,
    "beautyScore": 0.534,
    "efficiency": 0.145,
    "beauty": {
      "symmetry": 0.549,
      "complexity": 0.888,
      "rhythm": 0.131,
      "colorHarmony": 0.683,
      "coverage": 0.304
    },
    "totalTicks": 200,
    "avgAge": 200,
    "correct": 8,
    "total": 8
  }
}