{
  "@context": "sevo://v1",
  "@type": "Fitness",
  "@id": "fitness-agent-life-v2-1775386725877-sevo-life-cycle-8-1775392252140",
  "timestamp": "2026-04-05T12:30:53.365Z",
  "agent": "agent:life-v2-1775386725877",
  "eqs": 0.2819999999999999,
  "accuracy": 1,
  "magnitude": 0.007999999999999896,
  "branchesExplored": 1,
  "predictionError": 1,
  "cycleId": "sevo-life-cycle-8-1775392252140",
  "context": {
    "fitness": 0.693,
    "branches": 1,
    "survivalRate": 1,
    "beautyScore": 0.541,
    "efficiency": 0.151,
    "beauty": {
      "symmetry": 0.534,
      "complexity": 0.872,
      "rhythm": 0.099,
      "colorHarmony": 0.767,
      "coverage": 0.367
    },
    "totalTicks": 200,
    "avgAge": 200,
    "correct": 8,
    "total": 8
  }
}