{
  "@context": "sevo://v1",
  "@type": "Fitness",
  "@id": "fitness-agent-life-v3-1775390014691-sevo-life-cycle-5-1775391185227",
  "timestamp": "2026-04-05T12:13:05.626Z",
  "agent": "agent:life-v3-1775390014691",
  "eqs": 0.27799999999999997,
  "accuracy": 1,
  "magnitude": 0.0039999999999998925,
  "branchesExplored": 1,
  "predictionError": 1,
  "cycleId": "sevo-life-cycle-5-1775391185227",
  "context": {
    "fitness": 0.689,
    "branches": 1,
    "survivalRate": 1,
    "beautyScore": 0.526,
    "efficiency": 0.157,
    "beauty": {
      "symmetry": 0.563,
      "complexity": 0.806,
      "rhythm": 0.084,
      "colorHarmony": 0.72,
      "coverage": 0.392
    },
    "totalTicks": 200,
    "avgAge": 200,
    "correct": 8,
    "total": 8
  }
}