{
  "@context": "sevo://v1",
  "@type": "Fitness",
  "@id": "fitness-agent-life-v3-1775390091883-sevo-life-cycle-4-1775404544735",
  "timestamp": "2026-04-05T15:55:45.909Z",
  "agent": "agent:life-v3-1775390091883",
  "eqs": 0.27859999999999996,
  "accuracy": 1,
  "magnitude": 0.0010000000000000009,
  "branchesExplored": 1,
  "predictionError": 1,
  "cycleId": "sevo-life-cycle-4-1775404544735",
  "context": {
    "fitness": 0.695,
    "branches": 1,
    "survivalRate": 1,
    "beautyScore": 0.548,
    "efficiency": 0.153,
    "beauty": {
      "symmetry": 0.463,
      "complexity": 0.901,
      "rhythm": 0.23,
      "colorHarmony": 0.72,
      "coverage": 0.354
    },
    "totalTicks": 200,
    "avgAge": 200,
    "correct": 8,
    "total": 8
  }
}