{
  "@context": "sevo://v1",
  "@type": "Fitness",
  "@id": "fitness-agent-life-v3-1775390014691-sevo-life-cycle-2-1775393155305",
  "timestamp": "2026-04-05T12:45:55.814Z",
  "agent": "agent:life-v3-1775390014691",
  "eqs": 0.31839999999999996,
  "accuracy": 1,
  "magnitude": 0.06599999999999995,
  "branchesExplored": 1,
  "predictionError": 1,
  "cycleId": "sevo-life-cycle-2-1775393155305",
  "context": {
    "fitness": 0.697,
    "branches": 1,
    "survivalRate": 1,
    "beautyScore": 0.565,
    "efficiency": 0.138,
    "beauty": {
      "symmetry": 0.614,
      "complexity": 0.797,
      "rhythm": 0.211,
      "colorHarmony": 0.72,
      "coverage": 0.417
    },
    "totalTicks": 200,
    "avgAge": 200,
    "correct": 8,
    "total": 8
  }
}