{
  "@context": "sevo://v1",
  "@type": "Fitness",
  "@id": "fitness-agent-life-v3-1775390091883-sevo-life-cycle-10-1775392309716",
  "timestamp": "2026-04-05T12:31:50.293Z",
  "agent": "agent:life-v3-1775390091883",
  "eqs": 0.30579999999999996,
  "accuracy": 1,
  "magnitude": 0.050999999999999934,
  "branchesExplored": 1,
  "predictionError": 1,
  "cycleId": "sevo-life-cycle-10-1775392309716",
  "context": {
    "fitness": 0.688,
    "branches": 1,
    "survivalRate": 1,
    "beautyScore": 0.529,
    "efficiency": 0.145,
    "beauty": {
      "symmetry": 0.497,
      "complexity": 0.835,
      "rhythm": 0.09,
      "colorHarmony": 0.72,
      "coverage": 0.467
    },
    "totalTicks": 200,
    "avgAge": 200,
    "correct": 8,
    "total": 8
  }
}