{
  "@context": "sevo://v1",
  "@type": "Fitness",
  "@id": "fitness-agent-life-v3-1775394223733-sevo-life-cycle-4-1775395150186",
  "timestamp": "2026-04-05T13:19:13.061Z",
  "agent": "agent:life-v3-1775394223733",
  "eqs": 0.28239999999999993,
  "accuracy": 1,
  "magnitude": 0.007999999999999896,
  "branchesExplored": 1,
  "predictionError": 1,
  "cycleId": "sevo-life-cycle-4-1775395150186",
  "context": {
    "fitness": 0.694,
    "branches": 1,
    "survivalRate": 1,
    "beautyScore": 0.547,
    "efficiency": 0.148,
    "beauty": {
      "symmetry": 0.484,
      "complexity": 0.879,
      "rhythm": 0.183,
      "colorHarmony": 0.72,
      "coverage": 0.408
    },
    "totalTicks": 200,
    "avgAge": 200,
    "correct": 8,
    "total": 8
  }
}