{
  "@context": "sevo://v1",
  "@type": "Fitness",
  "@id": "fitness-agent-life-v3-1775391889151-sevo-life-cycle-10-1775392309716",
  "timestamp": "2026-04-05T12:31:51.515Z",
  "agent": "agent:life-v3-1775391889151",
  "eqs": 0.32039999999999996,
  "accuracy": 1,
  "magnitude": 0.06999999999999995,
  "branchesExplored": 1,
  "predictionError": 1,
  "cycleId": "sevo-life-cycle-10-1775392309716",
  "context": {
    "fitness": 0.696,
    "branches": 1,
    "survivalRate": 1,
    "beautyScore": 0.557,
    "efficiency": 0.144,
    "beauty": {
      "symmetry": 0.609,
      "complexity": 0.771,
      "rhythm": 0.22,
      "colorHarmony": 0.683,
      "coverage": 0.438
    },
    "totalTicks": 200,
    "avgAge": 200,
    "correct": 8,
    "total": 8
  }
}