{
  "@context": "sevo://v1",
  "@type": "Fitness",
  "@id": "fitness-agent-life-v3-1775390846762-sevo-life-cycle-10-1775392831414",
  "timestamp": "2026-04-05T12:40:31.758Z",
  "agent": "agent:life-v3-1775390846762",
  "eqs": 0.31139999999999995,
  "accuracy": 1,
  "magnitude": 0.05699999999999994,
  "branchesExplored": 1,
  "predictionError": 1,
  "cycleId": "sevo-life-cycle-10-1775392831414",
  "context": {
    "fitness": 0.693,
    "branches": 1,
    "survivalRate": 1,
    "beautyScore": 0.545,
    "efficiency": 0.145,
    "beauty": {
      "symmetry": 0.5,
      "complexity": 0.897,
      "rhythm": 0.184,
      "colorHarmony": 0.72,
      "coverage": 0.342
    },
    "totalTicks": 200,
    "avgAge": 200,
    "correct": 8,
    "total": 8
  }
}