{
  "@context": "sevo://v1",
  "@type": "Fitness",
  "@id": "fitness-agent-life-v3-1775392671841-sevo-life-cycle-1-1775403868605",
  "timestamp": "2026-04-05T15:44:32.341Z",
  "agent": "agent:life-v3-1775392671841",
  "eqs": 0.28439999999999993,
  "accuracy": 1,
  "magnitude": 0.009999999999999898,
  "branchesExplored": 1,
  "predictionError": 1,
  "cycleId": "sevo-life-cycle-1-1775403868605",
  "context": {
    "fitness": 0.696,
    "branches": 1,
    "survivalRate": 1,
    "beautyScore": 0.548,
    "efficiency": 0.157,
    "beauty": {
      "symmetry": 0.619,
      "complexity": 0.823,
      "rhythm": 0.062,
      "colorHarmony": 0.72,
      "coverage": 0.446
    },
    "totalTicks": 200,
    "avgAge": 200,
    "correct": 8,
    "total": 8
  }
}