{
  "@context": "sevo://v1",
  "@type": "Fitness",
  "@id": "fitness-agent-life-v3-1775392671841-sevo-life-cycle-1-1775394075860",
  "timestamp": "2026-04-05T13:01:18.483Z",
  "agent": "agent:life-v3-1775392671841",
  "eqs": 0.28339999999999993,
  "accuracy": 1,
  "magnitude": 0.008999999999999897,
  "branchesExplored": 1,
  "predictionError": 1,
  "cycleId": "sevo-life-cycle-1-1775394075860",
  "context": {
    "fitness": 0.695,
    "branches": 1,
    "survivalRate": 1,
    "beautyScore": 0.544,
    "efficiency": 0.158,
    "beauty": {
      "symmetry": 0.411,
      "complexity": 0.957,
      "rhythm": 0.24,
      "colorHarmony": 0.72,
      "coverage": 0.304
    },
    "totalTicks": 200,
    "avgAge": 200,
    "correct": 8,
    "total": 8
  }
}