{
  "@context": "sevo://v1",
  "@type": "Fitness",
  "@id": "fitness-agent-life-v2-1775386935596-sevo-life-cycle-1-1775394917596",
  "timestamp": "2026-04-05T13:15:20.511Z",
  "agent": "agent:life-v2-1775386935596",
  "eqs": 0.3036000000000001,
  "accuracy": 1,
  "magnitude": 0.04800000000000004,
  "branchesExplored": 1,
  "predictionError": 1,
  "cycleId": "sevo-life-cycle-1-1775394917596",
  "context": {
    "fitness": 0.687,
    "branches": 1,
    "survivalRate": 1,
    "beautyScore": 0.522,
    "efficiency": 0.154,
    "beauty": {
      "symmetry": 0.496,
      "complexity": 0.866,
      "rhythm": 0.13,
      "colorHarmony": 0.72,
      "coverage": 0.313
    },
    "totalTicks": 200,
    "avgAge": 200,
    "correct": 8,
    "total": 8
  }
}