{
  "@context": "sevo://v1",
  "@type": "Fitness",
  "@id": "fitness-agent-life-v3-1775390846762-sevo-life-cycle-1-1775404676830",
  "timestamp": "2026-04-05T15:57:57.626Z",
  "agent": "agent:life-v3-1775390846762",
  "eqs": 0.31139999999999995,
  "accuracy": 1,
  "magnitude": 0.05699999999999994,
  "branchesExplored": 1,
  "predictionError": 1,
  "cycleId": "sevo-life-cycle-1-1775404676830",
  "context": {
    "fitness": 0.693,
    "branches": 1,
    "survivalRate": 1,
    "beautyScore": 0.545,
    "efficiency": 0.148,
    "beauty": {
      "symmetry": 0.533,
      "complexity": 0.852,
      "rhythm": 0.167,
      "colorHarmony": 0.683,
      "coverage": 0.421
    },
    "totalTicks": 200,
    "avgAge": 200,
    "correct": 8,
    "total": 8
  }
}