{
  "@context": "sevo://v1",
  "@type": "Fitness",
  "@id": "fitness-agent-life-v4-1775390039877-sevo-life-cycle-3-1775394562254",
  "timestamp": "2026-04-05T13:09:25.462Z",
  "agent": "agent:life-v4-1775390039877",
  "eqs": 0.31379999999999997,
  "accuracy": 1,
  "magnitude": 0.06099999999999994,
  "branchesExplored": 1,
  "predictionError": 1,
  "cycleId": "sevo-life-cycle-3-1775394562254",
  "context": {
    "fitness": 0.693,
    "branches": 1,
    "survivalRate": 1,
    "beautyScore": 0.549,
    "efficiency": 0.14,
    "beauty": {
      "symmetry": 0.458,
      "complexity": 0.891,
      "rhythm": 0.191,
      "colorHarmony": 0.72,
      "coverage": 0.438
    },
    "totalTicks": 200,
    "avgAge": 200,
    "correct": 8,
    "total": 8
  }
}