{
  "@context": "sevo://v1",
  "@type": "Fitness",
  "@id": "fitness-agent-life-v4-1775390650355-sevo-life-cycle-3-1775391387962",
  "timestamp": "2026-04-05T12:16:29.617Z",
  "agent": "agent:life-v4-1775390650355",
  "eqs": 0.31159999999999993,
  "accuracy": 1,
  "magnitude": 0.05599999999999994,
  "branchesExplored": 1,
  "predictionError": 1,
  "cycleId": "sevo-life-cycle-3-1775391387962",
  "context": {
    "fitness": 0.695,
    "branches": 1,
    "survivalRate": 1,
    "beautyScore": 0.546,
    "efficiency": 0.154,
    "beauty": {
      "symmetry": 0.693,
      "complexity": 0.696,
      "rhythm": 0.109,
      "colorHarmony": 0.72,
      "coverage": 0.463
    },
    "totalTicks": 200,
    "avgAge": 200,
    "correct": 8,
    "total": 8
  }
}