{
  "@context": "sevo://v1",
  "@type": "Fitness",
  "@id": "fitness-agent-life-v3-1775390014691-sevo-life-cycle-2-1775392889024",
  "timestamp": "2026-04-05T12:41:29.490Z",
  "agent": "agent:life-v3-1775390014691",
  "eqs": 0.30840000000000006,
  "accuracy": 1,
  "magnitude": 0.05600000000000005,
  "branchesExplored": 1,
  "predictionError": 1,
  "cycleId": "sevo-life-cycle-2-1775392889024",
  "context": {
    "fitness": 0.687,
    "branches": 1,
    "survivalRate": 1,
    "beautyScore": 0.528,
    "efficiency": 0.144,
    "beauty": {
      "symmetry": 0.494,
      "complexity": 0.825,
      "rhythm": 0.15,
      "colorHarmony": 0.72,
      "coverage": 0.404
    },
    "totalTicks": 200,
    "avgAge": 200,
    "correct": 8,
    "total": 8
  }
}