{
  "@context": "sevo://v1",
  "@type": "Fitness",
  "@id": "fitness-agent-life-v3-1775390961181-sevo-life-cycle-2-1775392369533",
  "timestamp": "2026-04-05T12:32:50.663Z",
  "agent": "agent:life-v3-1775390961181",
  "eqs": 0.30839999999999995,
  "accuracy": 1,
  "magnitude": 0.051999999999999935,
  "branchesExplored": 1,
  "predictionError": 1,
  "cycleId": "sevo-life-cycle-2-1775392369533",
  "context": {
    "fitness": 0.693,
    "branches": 1,
    "survivalRate": 1,
    "beautyScore": 0.554,
    "efficiency": 0.135,
    "beauty": {
      "symmetry": 0.614,
      "complexity": 0.781,
      "rhythm": 0.148,
      "colorHarmony": 0.72,
      "coverage": 0.45
    },
    "totalTicks": 200,
    "avgAge": 200,
    "correct": 8,
    "total": 8
  }
}