{
  "@context": "sevo://v1",
  "@type": "Fitness",
  "@id": "fitness-agent-life-v3-1775390918981-sevo-life-cycle-5-1775394171852",
  "timestamp": "2026-04-05T13:02:54.605Z",
  "agent": "agent:life-v3-1775390918981",
  "eqs": 0.27699999999999997,
  "accuracy": 1,
  "magnitude": 0.0010000000000000009,
  "branchesExplored": 1,
  "predictionError": 1,
  "cycleId": "sevo-life-cycle-5-1775394171852",
  "context": {
    "fitness": 0.691,
    "branches": 1,
    "survivalRate": 1,
    "beautyScore": 0.535,
    "efficiency": 0.155,
    "beauty": {
      "symmetry": 0.447,
      "complexity": 0.927,
      "rhythm": 0.132,
      "colorHarmony": 0.72,
      "coverage": 0.379
    },
    "totalTicks": 200,
    "avgAge": 200,
    "correct": 8,
    "total": 8
  }
}