{
  "@context": "sevo://v1",
  "@type": "Fitness",
  "@id": "fitness-agent-life-v3-1775391566502-sevo-life-cycle-8-1775392518817",
  "timestamp": "2026-04-05T12:35:20.757Z",
  "agent": "agent:life-v3-1775391566502",
  "eqs": 0.32539999999999997,
  "accuracy": 1,
  "magnitude": 0.07499999999999996,
  "branchesExplored": 1,
  "predictionError": 1,
  "cycleId": "sevo-life-cycle-8-1775392518817",
  "context": {
    "fitness": 0.701,
    "branches": 1,
    "survivalRate": 1,
    "beautyScore": 0.574,
    "efficiency": 0.142,
    "beauty": {
      "symmetry": 0.594,
      "complexity": 0.869,
      "rhythm": 0.141,
      "colorHarmony": 0.767,
      "coverage": 0.433
    },
    "totalTicks": 200,
    "avgAge": 200,
    "correct": 8,
    "total": 8
  }
}