{
  "@context": "sevo://v1",
  "@type": "Fitness",
  "@id": "fitness-agent-life-v3-1775390014691-sevo-life-cycle-4-1775394402074",
  "timestamp": "2026-04-05T13:06:42.873Z",
  "agent": "agent:life-v3-1775390014691",
  "eqs": 0.31439999999999996,
  "accuracy": 1,
  "magnitude": 0.061999999999999944,
  "branchesExplored": 1,
  "predictionError": 1,
  "cycleId": "sevo-life-cycle-4-1775394402074",
  "context": {
    "fitness": 0.693,
    "branches": 1,
    "survivalRate": 1,
    "beautyScore": 0.549,
    "efficiency": 0.143,
    "beauty": {
      "symmetry": 0.472,
      "complexity": 0.86,
      "rhythm": 0.26,
      "colorHarmony": 0.767,
      "coverage": 0.325
    },
    "totalTicks": 200,
    "avgAge": 200,
    "correct": 8,
    "total": 8
  }
}