{
  "@context": "sevo://v1",
  "@type": "Fitness",
  "@id": "fitness-agent-life-v4-1775392465121-sevo-life-cycle-7-1775392495494",
  "timestamp": "2026-04-05T12:34:57.553Z",
  "agent": "agent:life-v4-1775392465121",
  "eqs": 0.28819999999999996,
  "accuracy": 1,
  "magnitude": 0.007000000000000006,
  "branchesExplored": 1,
  "predictionError": 1,
  "cycleId": "sevo-life-cycle-7-1775392495494",
  "context": {
    "fitness": 0.71,
    "branches": 1,
    "survivalRate": 1,
    "beautyScore": 0.604,
    "efficiency": 0.142,
    "beauty": {
      "symmetry": 0.647,
      "complexity": 0.812,
      "rhythm": 0.299,
      "colorHarmony": 0.72,
      "coverage": 0.475
    },
    "totalTicks": 200,
    "avgAge": 200,
    "correct": 8,
    "total": 8
  }
}