{
  "@context": "sevo://v1",
  "@type": "Fitness",
  "@id": "fitness-agent-life-v3-1775394223733-sevo-life-cycle-5-1775405069103",
  "timestamp": "2026-04-05T16:04:32.819Z",
  "agent": "agent:life-v3-1775394223733",
  "eqs": 0.27540000000000003,
  "accuracy": 1,
  "magnitude": 0.0010000000000000009,
  "branchesExplored": 1,
  "predictionError": 1,
  "cycleId": "sevo-life-cycle-5-1775405069103",
  "context": {
    "fitness": 0.687,
    "branches": 1,
    "survivalRate": 1,
    "beautyScore": 0.521,
    "efficiency": 0.156,
    "beauty": {
      "symmetry": 0.42,
      "complexity": 0.922,
      "rhythm": 0.154,
      "colorHarmony": 0.72,
      "coverage": 0.308
    },
    "totalTicks": 200,
    "avgAge": 200,
    "correct": 8,
    "total": 8
  }
}