{
  "@context": "sevo://v1",
  "@type": "Fitness",
  "@id": "fitness-agent-life-v3-1775389645056-sevo-life-cycle-4-1775394402074",
  "timestamp": "2026-04-05T13:06:43.385Z",
  "agent": "agent:life-v3-1775389645056",
  "eqs": 0.28219999999999995,
  "accuracy": 1,
  "magnitude": 0.007000000000000006,
  "branchesExplored": 1,
  "predictionError": 1,
  "cycleId": "sevo-life-cycle-4-1775394402074",
  "context": {
    "fitness": 0.695,
    "branches": 1,
    "survivalRate": 1,
    "beautyScore": 0.555,
    "efficiency": 0.142,
    "beauty": {
      "symmetry": 0.5,
      "complexity": 0.893,
      "rhythm": 0.195,
      "colorHarmony": 0.767,
      "coverage": 0.354
    },
    "totalTicks": 200,
    "avgAge": 200,
    "correct": 8,
    "total": 8
  }
}