{
  "@context": "sevo://v1",
  "@type": "Fitness",
  "@id": "fitness-agent-life-v3-1775390846762-sevo-life-cycle-4-1775394145940",
  "timestamp": "2026-04-05T13:02:26.527Z",
  "agent": "agent:life-v3-1775390846762",
  "eqs": 0.31439999999999996,
  "accuracy": 1,
  "magnitude": 0.05999999999999994,
  "branchesExplored": 1,
  "predictionError": 1,
  "cycleId": "sevo-life-cycle-4-1775394145940",
  "context": {
    "fitness": 0.696,
    "branches": 1,
    "survivalRate": 1,
    "beautyScore": 0.547,
    "efficiency": 0.16,
    "beauty": {
      "symmetry": 0.665,
      "complexity": 0.773,
      "rhythm": 0.047,
      "colorHarmony": 0.72,
      "coverage": 0.471
    },
    "totalTicks": 200,
    "avgAge": 200,
    "correct": 8,
    "total": 8
  }
}