{
  "@context": "sevo://v1",
  "@type": "Fitness",
  "@id": "fitness-agent-life-v3-1775390961181-sevo-life-cycle-1-1775403683037",
  "timestamp": "2026-04-05T15:41:25.952Z",
  "agent": "agent:life-v3-1775390961181",
  "eqs": 0.28359999999999996,
  "accuracy": 1,
  "magnitude": 0.009999999999999898,
  "branchesExplored": 1,
  "predictionError": 1,
  "cycleId": "sevo-life-cycle-1-1775403683037",
  "context": {
    "fitness": 0.694,
    "branches": 1,
    "survivalRate": 1,
    "beautyScore": 0.551,
    "efficiency": 0.145,
    "beauty": {
      "symmetry": 0.619,
      "complexity": 0.788,
      "rhythm": 0.142,
      "colorHarmony": 0.72,
      "coverage": 0.421
    },
    "totalTicks": 200,
    "avgAge": 200,
    "correct": 8,
    "total": 8
  }
}