{
  "@context": "sevo://v1",
  "@type": "Fitness",
  "@id": "fitness-agent-life-v3-1775390014691-sevo-life-cycle-1-1775394325439",
  "timestamp": "2026-04-05T13:05:26.266Z",
  "agent": "agent:life-v3-1775390014691",
  "eqs": 0.30640000000000006,
  "accuracy": 1,
  "magnitude": 0.05400000000000005,
  "branchesExplored": 1,
  "predictionError": 1,
  "cycleId": "sevo-life-cycle-1-1775394325439",
  "context": {
    "fitness": 0.685,
    "branches": 1,
    "survivalRate": 1,
    "beautyScore": 0.521,
    "efficiency": 0.143,
    "beauty": {
      "symmetry": 0.504,
      "complexity": 0.854,
      "rhythm": 0.089,
      "colorHarmony": 0.72,
      "coverage": 0.371
    },
    "totalTicks": 200,
    "avgAge": 200,
    "correct": 8,
    "total": 8
  }
}