{
  "@context": "sevo://v1",
  "@type": "Fitness",
  "@id": "fitness-agent-life-v3-1775394223733-sevo-life-cycle-2-1775394536083",
  "timestamp": "2026-04-05T13:09:00.046Z",
  "agent": "agent:life-v3-1775394223733",
  "eqs": 0.28239999999999993,
  "accuracy": 1,
  "magnitude": 0.007999999999999896,
  "branchesExplored": 1,
  "predictionError": 1,
  "cycleId": "sevo-life-cycle-2-1775394536083",
  "context": {
    "fitness": 0.694,
    "branches": 1,
    "survivalRate": 1,
    "beautyScore": 0.55,
    "efficiency": 0.145,
    "beauty": {
      "symmetry": 0.478,
      "complexity": 0.899,
      "rhythm": 0.232,
      "colorHarmony": 0.72,
      "coverage": 0.342
    },
    "totalTicks": 200,
    "avgAge": 200,
    "correct": 8,
    "total": 8
  }
}