{
  "@context": "sevo://v1",
  "@type": "Fitness",
  "@id": "fitness-agent-life-v3-1775391792883-sevo-life-cycle-3-1775404842507",
  "timestamp": "2026-04-05T16:00:44.224Z",
  "agent": "agent:life-v3-1775391792883",
  "eqs": 0.28159999999999996,
  "accuracy": 1,
  "magnitude": 0.006000000000000005,
  "branchesExplored": 1,
  "predictionError": 1,
  "cycleId": "sevo-life-cycle-3-1775404842507",
  "context": {
    "fitness": 0.695,
    "branches": 1,
    "survivalRate": 1,
    "beautyScore": 0.552,
    "efficiency": 0.147,
    "beauty": {
      "symmetry": 0.431,
      "complexity": 0.963,
      "rhythm": 0.248,
      "colorHarmony": 0.72,
      "coverage": 0.308
    },
    "totalTicks": 200,
    "avgAge": 200,
    "correct": 8,
    "total": 8
  }
}