{
  "@context": "sevo://v1",
  "@type": "Fitness",
  "@id": "fitness-agent-life-v3-1775391792883-sevo-life-cycle-1-1775392608026",
  "timestamp": "2026-04-05T12:36:48.822Z",
  "agent": "agent:life-v3-1775391792883",
  "eqs": 0.26220000000000004,
  "accuracy": 1,
  "magnitude": 0.013000000000000012,
  "branchesExplored": 1,
  "predictionError": 1,
  "cycleId": "sevo-life-cycle-1-1775392608026",
  "context": {
    "fitness": 0.636,
    "branches": 1,
    "survivalRate": 0.875,
    "beautyScore": 0.572,
    "efficiency": 0.134,
    "beauty": {
      "symmetry": 0.565,
      "complexity": 0.94,
      "rhythm": 0.165,
      "colorHarmony": 0.767,
      "coverage": 0.321
    },
    "totalTicks": 200,
    "avgAge": 187,
    "correct": 7,
    "total": 8
  }
}