{
  "@context": "sevo://v1",
  "@type": "Fitness",
  "@id": "fitness-agent-life-v3-1775394733876-sevo-life-cycle-2-1775404330196",
  "timestamp": "2026-04-05T15:52:13.859Z",
  "agent": "agent:life-v3-1775394733876",
  "eqs": 0.28200000000000003,
  "accuracy": 1,
  "magnitude": 0.0040000000000000036,
  "branchesExplored": 1,
  "predictionError": 1,
  "cycleId": "sevo-life-cycle-2-1775404330196",
  "context": {
    "fitness": 0.699,
    "branches": 1,
    "survivalRate": 1,
    "beautyScore": 0.566,
    "efficiency": 0.146,
    "beauty": {
      "symmetry": 0.579,
      "complexity": 0.83,
      "rhythm": 0.17,
      "colorHarmony": 0.72,
      "coverage": 0.475
    },
    "totalTicks": 200,
    "avgAge": 200,
    "correct": 8,
    "total": 8
  }
}