{
  "@context": "sevo://v1",
  "@type": "Fitness",
  "@id": "fitness-agent-life-v3-1775391792883-sevo-life-cycle-5-1775392174196",
  "timestamp": "2026-04-05T12:29:34.924Z",
  "agent": "agent:life-v3-1775391792883",
  "eqs": 0.3092000000000001,
  "accuracy": 1,
  "magnitude": 0.06000000000000005,
  "branchesExplored": 1,
  "predictionError": 1,
  "cycleId": "sevo-life-cycle-5-1775392174196",
  "context": {
    "fitness": 0.683,
    "branches": 1,
    "survivalRate": 1,
    "beautyScore": 0.518,
    "efficiency": 0.14,
    "beauty": {
      "symmetry": 0.363,
      "complexity": 0.977,
      "rhythm": 0.121,
      "colorHarmony": 0.72,
      "coverage": 0.338
    },
    "totalTicks": 200,
    "avgAge": 200,
    "correct": 8,
    "total": 8
  }
}