{
  "@context": "sevo://v1",
  "@type": "Fitness",
  "@id": "fitness-agent-life-v3-1775390091883-sevo-life-cycle-2-1775392889024",
  "timestamp": "2026-04-05T12:41:29.635Z",
  "agent": "agent:life-v3-1775390091883",
  "eqs": 0.32419999999999993,
  "accuracy": 1,
  "magnitude": 0.07299999999999995,
  "branchesExplored": 1,
  "predictionError": 1,
  "cycleId": "sevo-life-cycle-2-1775392889024",
  "context": {
    "fitness": 0.701,
    "branches": 1,
    "survivalRate": 1,
    "beautyScore": 0.573,
    "efficiency": 0.144,
    "beauty": {
      "symmetry": 0.537,
      "complexity": 0.843,
      "rhythm": 0.286,
      "colorHarmony": 0.72,
      "coverage": 0.417
    },
    "totalTicks": 200,
    "avgAge": 200,
    "correct": 8,
    "total": 8
  }
}