{
  "@context": "sevo://v1",
  "@type": "Fitness",
  "@id": "fitness-agent-life-v3-1775394223733-sevo-life-cycle-2-1775404698644",
  "timestamp": "2026-04-05T15:58:21.794Z",
  "agent": "agent:life-v3-1775394223733",
  "eqs": 0.28139999999999993,
  "accuracy": 1,
  "magnitude": 0.006999999999999895,
  "branchesExplored": 1,
  "predictionError": 1,
  "cycleId": "sevo-life-cycle-2-1775404698644",
  "context": {
    "fitness": 0.693,
    "branches": 1,
    "survivalRate": 1,
    "beautyScore": 0.542,
    "efficiency": 0.155,
    "beauty": {
      "symmetry": 0.397,
      "complexity": 0.959,
      "rhythm": 0.201,
      "colorHarmony": 0.72,
      "coverage": 0.363
    },
    "totalTicks": 200,
    "avgAge": 200,
    "correct": 8,
    "total": 8
  }
}