{
  "@context": "sevo://v1",
  "@type": "Fitness",
  "@id": "fitness-agent-life-v3-1775389645056-sevo-life-cycle-5-1775390045255",
  "timestamp": "2026-04-05T11:54:05.648Z",
  "agent": "agent:life-v3-1775389645056",
  "eqs": 0.30400000000000005,
  "accuracy": 1,
  "magnitude": 0.052000000000000046,
  "branchesExplored": 1,
  "predictionError": 1,
  "cycleId": "sevo-life-cycle-5-1775390045255",
  "context": {
    "fitness": 0.682,
    "branches": 1,
    "survivalRate": 1,
    "beautyScore": 0.508,
    "efficiency": 0.146,
    "beauty": {
      "symmetry": 0.341,
      "complexity": 0.929,
      "rhythm": 0.174,
      "colorHarmony": 0.72,
      "coverage": 0.321
    },
    "totalTicks": 200,
    "avgAge": 200,
    "correct": 8,
    "total": 8
  }
}