{
  "@context": "sevo://v1",
  "@type": "Fitness",
  "@id": "fitness-agent-life-v3-1775390091883-sevo-life-cycle-5-1775392442875",
  "timestamp": "2026-04-05T12:34:03.440Z",
  "agent": "agent:life-v3-1775390091883",
  "eqs": 0.30579999999999996,
  "accuracy": 1,
  "magnitude": 0.050999999999999934,
  "branchesExplored": 1,
  "predictionError": 1,
  "cycleId": "sevo-life-cycle-5-1775392442875",
  "context": {
    "fitness": 0.688,
    "branches": 1,
    "survivalRate": 1,
    "beautyScore": 0.53,
    "efficiency": 0.144,
    "beauty": {
      "symmetry": 0.465,
      "complexity": 0.896,
      "rhythm": 0.095,
      "colorHarmony": 0.72,
      "coverage": 0.421
    },
    "totalTicks": 200,
    "avgAge": 200,
    "correct": 8,
    "total": 8
  }
}