{
  "@context": "sevo://v1",
  "@type": "Fitness",
  "@id": "fitness-agent-life-v3-1775392671841-sevo-life-cycle-1-1775404802777",
  "timestamp": "2026-04-05T16:00:06.842Z",
  "agent": "agent:life-v3-1775392671841",
  "eqs": 0.28439999999999993,
  "accuracy": 1,
  "magnitude": 0.009999999999999898,
  "branchesExplored": 1,
  "predictionError": 1,
  "cycleId": "sevo-life-cycle-1-1775404802777",
  "context": {
    "fitness": 0.696,
    "branches": 1,
    "survivalRate": 1,
    "beautyScore": 0.552,
    "efficiency": 0.15,
    "beauty": {
      "symmetry": 0.624,
      "complexity": 0.845,
      "rhythm": 0.138,
      "colorHarmony": 0.72,
      "coverage": 0.325
    },
    "totalTicks": 200,
    "avgAge": 200,
    "correct": 8,
    "total": 8
  }
}