{
  "@context": "sevo://v1",
  "@type": "Fitness",
  "@id": "fitness-agent-life-v2-1775386935596-sevo-life-cycle-7-1775388937176",
  "timestamp": "2026-04-05T11:35:37.495Z",
  "agent": "agent:life-v2-1775386935596",
  "eqs": 0.30740000000000006,
  "accuracy": 1,
  "magnitude": 0.05500000000000005,
  "branchesExplored": 1,
  "predictionError": 1,
  "cycleId": "sevo-life-cycle-7-1775388937176",
  "context": {
    "fitness": 0.686,
    "branches": 1,
    "survivalRate": 1,
    "beautyScore": 0.525,
    "efficiency": 0.143,
    "beauty": {
      "symmetry": 0.481,
      "complexity": 0.878,
      "rhythm": 0.126,
      "colorHarmony": 0.72,
      "coverage": 0.35
    },
    "totalTicks": 200,
    "avgAge": 200,
    "correct": 8,
    "total": 8
  }
}