{
  "@context": "sevo://v1",
  "@type": "Fitness",
  "@id": "fitness-agent-life-v3-1775391566502-sevo-life-cycle-4-1775393738033",
  "timestamp": "2026-04-05T12:55:40.224Z",
  "agent": "agent:life-v3-1775391566502",
  "eqs": 0.32139999999999996,
  "accuracy": 1,
  "magnitude": 0.07099999999999995,
  "branchesExplored": 1,
  "predictionError": 1,
  "cycleId": "sevo-life-cycle-4-1775393738033",
  "context": {
    "fitness": 0.697,
    "branches": 1,
    "survivalRate": 1,
    "beautyScore": 0.553,
    "efficiency": 0.155,
    "beauty": {
      "symmetry": 0.585,
      "complexity": 0.859,
      "rhythm": 0.13,
      "colorHarmony": 0.72,
      "coverage": 0.388
    },
    "totalTicks": 200,
    "avgAge": 200,
    "correct": 8,
    "total": 8
  }
}