{
  "@context": "sevo://v1",
  "@type": "Fitness",
  "@id": "fitness-agent-life-v3-1775390846762-sevo-life-cycle-4-1775404120765",
  "timestamp": "2026-04-05T15:48:41.434Z",
  "agent": "agent:life-v3-1775390846762",
  "eqs": 0.32039999999999996,
  "accuracy": 1,
  "magnitude": 0.06599999999999995,
  "branchesExplored": 1,
  "predictionError": 1,
  "cycleId": "sevo-life-cycle-4-1775404120765",
  "context": {
    "fitness": 0.702,
    "branches": 1,
    "survivalRate": 1,
    "beautyScore": 0.572,
    "efficiency": 0.15,
    "beauty": {
      "symmetry": 0.621,
      "complexity": 0.818,
      "rhythm": 0.142,
      "colorHarmony": 0.72,
      "coverage": 0.506
    },
    "totalTicks": 200,
    "avgAge": 200,
    "correct": 8,
    "total": 8
  }
}