{
  "@context": "sevo://v1",
  "@type": "Fitness",
  "@id": "fitness-agent-life-v3-1775391792883-sevo-life-cycle-5-1775394295904",
  "timestamp": "2026-04-05T13:04:57.012Z",
  "agent": "agent:life-v3-1775391792883",
  "eqs": 0.28659999999999997,
  "accuracy": 1,
  "magnitude": 0.01100000000000001,
  "branchesExplored": 1,
  "predictionError": 1,
  "cycleId": "sevo-life-cycle-5-1775394295904",
  "context": {
    "fitness": 0.7,
    "branches": 1,
    "survivalRate": 1,
    "beautyScore": 0.568,
    "efficiency": 0.147,
    "beauty": {
      "symmetry": 0.566,
      "complexity": 0.898,
      "rhythm": 0.245,
      "colorHarmony": 0.72,
      "coverage": 0.304
    },
    "totalTicks": 200,
    "avgAge": 200,
    "correct": 8,
    "total": 8
  }
}