{
  "@context": "sevo://v1",
  "@type": "Fitness",
  "@id": "fitness-agent-life-v3-1775394223733-sevo-life-cycle-5-1775404146107",
  "timestamp": "2026-04-05T15:49:09.121Z",
  "agent": "agent:life-v3-1775394223733",
  "eqs": 0.28439999999999993,
  "accuracy": 1,
  "magnitude": 0.009999999999999898,
  "branchesExplored": 1,
  "predictionError": 1,
  "cycleId": "sevo-life-cycle-5-1775404146107",
  "context": {
    "fitness": 0.696,
    "branches": 1,
    "survivalRate": 1,
    "beautyScore": 0.558,
    "efficiency": 0.143,
    "beauty": {
      "symmetry": 0.515,
      "complexity": 0.941,
      "rhythm": 0.139,
      "colorHarmony": 0.72,
      "coverage": 0.388
    },
    "totalTicks": 200,
    "avgAge": 200,
    "correct": 8,
    "total": 8
  }
}