{
  "@context": "sevo://v1",
  "@type": "Fitness",
  "@id": "fitness-agent-life-v3-1775391792883-sevo-life-cycle-5-1775404405614",
  "timestamp": "2026-04-05T15:53:27.094Z",
  "agent": "agent:life-v3-1775391792883",
  "eqs": 0.28759999999999997,
  "accuracy": 1,
  "magnitude": 0.01200000000000001,
  "branchesExplored": 1,
  "predictionError": 1,
  "cycleId": "sevo-life-cycle-5-1775404405614",
  "context": {
    "fitness": 0.701,
    "branches": 1,
    "survivalRate": 1,
    "beautyScore": 0.569,
    "efficiency": 0.152,
    "beauty": {
      "symmetry": 0.52,
      "complexity": 0.876,
      "rhythm": 0.224,
      "colorHarmony": 0.72,
      "coverage": 0.446
    },
    "totalTicks": 200,
    "avgAge": 200,
    "correct": 8,
    "total": 8
  }
}