{
  "@context": "sevo://v1",
  "@type": "Fitness",
  "@id": "fitness-agent-life-v3-1775390846762-sevo-life-cycle-5-1775391919868",
  "timestamp": "2026-04-05T12:25:20.162Z",
  "agent": "agent:life-v3-1775390846762",
  "eqs": 0.32439999999999997,
  "accuracy": 1,
  "magnitude": 0.06999999999999995,
  "branchesExplored": 1,
  "predictionError": 1,
  "cycleId": "sevo-life-cycle-5-1775391919868",
  "context": {
    "fitness": 0.706,
    "branches": 1,
    "survivalRate": 1,
    "beautyScore": 0.59,
    "efficiency": 0.144,
    "beauty": {
      "symmetry": 0.597,
      "complexity": 0.894,
      "rhythm": 0.194,
      "colorHarmony": 0.72,
      "coverage": 0.471
    },
    "totalTicks": 200,
    "avgAge": 200,
    "correct": 8,
    "total": 8
  }
}