{
  "@context": "sevo://v1",
  "@type": "Fitness",
  "@id": "fitness-agent-life-v3-1775390961181-sevo-life-cycle-5-1775394427641",
  "timestamp": "2026-04-05T13:07:10.403Z",
  "agent": "agent:life-v3-1775390961181",
  "eqs": 0.27759999999999996,
  "accuracy": 1,
  "magnitude": 0.0039999999999998925,
  "branchesExplored": 1,
  "predictionError": 1,
  "cycleId": "sevo-life-cycle-5-1775394427641",
  "context": {
    "fitness": 0.688,
    "branches": 1,
    "survivalRate": 1,
    "beautyScore": 0.53,
    "efficiency": 0.143,
    "beauty": {
      "symmetry": 0.46,
      "complexity": 0.88,
      "rhythm": 0.167,
      "colorHarmony": 0.72,
      "coverage": 0.358
    },
    "totalTicks": 200,
    "avgAge": 200,
    "correct": 8,
    "total": 8
  }
}