{
  "@context": "sevo://v1",
  "@type": "Fitness",
  "@id": "fitness-agent-life-v3-1775392671841-sevo-life-cycle-2-1775394098350",
  "timestamp": "2026-04-05T13:01:40.691Z",
  "agent": "agent:life-v3-1775392671841",
  "eqs": 0.28639999999999993,
  "accuracy": 1,
  "magnitude": 0.0119999999999999,
  "branchesExplored": 1,
  "predictionError": 1,
  "cycleId": "sevo-life-cycle-2-1775394098350",
  "context": {
    "fitness": 0.698,
    "branches": 1,
    "survivalRate": 1,
    "beautyScore": 0.561,
    "efficiency": 0.15,
    "beauty": {
      "symmetry": 0.661,
      "complexity": 0.73,
      "rhythm": 0.147,
      "colorHarmony": 0.72,
      "coverage": 0.504
    },
    "totalTicks": 200,
    "avgAge": 200,
    "correct": 8,
    "total": 8
  }
}