{
  "@context": "sevo://v1",
  "@type": "Fitness",
  "@id": "fitness-agent-life-v3-1775390846762-sevo-life-cycle-4-1775394599291",
  "timestamp": "2026-04-05T13:10:00.983Z",
  "agent": "agent:life-v3-1775390846762",
  "eqs": 0.31539999999999996,
  "accuracy": 1,
  "magnitude": 0.06099999999999994,
  "branchesExplored": 1,
  "predictionError": 1,
  "cycleId": "sevo-life-cycle-4-1775394599291",
  "context": {
    "fitness": 0.697,
    "branches": 1,
    "survivalRate": 1,
    "beautyScore": 0.56,
    "efficiency": 0.146,
    "beauty": {
      "symmetry": 0.523,
      "complexity": 0.86,
      "rhythm": 0.299,
      "colorHarmony": 0.72,
      "coverage": 0.313
    },
    "totalTicks": 200,
    "avgAge": 200,
    "correct": 8,
    "total": 8
  }
}