{
  "@context": "sevo://v1",
  "@type": "Fitness",
  "@id": "fitness-agent-life-v3-1775389645056-sevo-life-cycle-7-1775390702467",
  "timestamp": "2026-04-05T12:05:02.913Z",
  "agent": "agent:life-v3-1775389645056",
  "eqs": 0.32399999999999995,
  "accuracy": 1,
  "magnitude": 0.07199999999999995,
  "branchesExplored": 1,
  "predictionError": 1,
  "cycleId": "sevo-life-cycle-7-1775390702467",
  "context": {
    "fitness": 0.702,
    "branches": 1,
    "survivalRate": 1,
    "beautyScore": 0.577,
    "efficiency": 0.144,
    "beauty": {
      "symmetry": 0.614,
      "complexity": 0.856,
      "rhythm": 0.186,
      "colorHarmony": 0.72,
      "coverage": 0.429
    },
    "totalTicks": 200,
    "avgAge": 200,
    "correct": 8,
    "total": 8
  }
}