{
  "@context": "sevo://v1",
  "@type": "Fitness",
  "@id": "fitness-agent-life-v3-1775390091883-sevo-life-cycle-10-1775392573440",
  "timestamp": "2026-04-05T12:36:14.271Z",
  "agent": "agent:life-v3-1775390091883",
  "eqs": 0.31479999999999997,
  "accuracy": 1,
  "magnitude": 0.05999999999999994,
  "branchesExplored": 1,
  "predictionError": 1,
  "cycleId": "sevo-life-cycle-10-1775392573440",
  "context": {
    "fitness": 0.697,
    "branches": 1,
    "survivalRate": 1,
    "beautyScore": 0.561,
    "efficiency": 0.143,
    "beauty": {
      "symmetry": 0.574,
      "complexity": 0.864,
      "rhythm": 0.135,
      "colorHarmony": 0.72,
      "coverage": 0.446
    },
    "totalTicks": 200,
    "avgAge": 200,
    "correct": 8,
    "total": 8
  }
}