{
  "@context": "sevo://v1",
  "@type": "Fitness",
  "@id": "fitness-agent-life-v3-1775394733876-sevo-life-cycle-5-1775405069103",
  "timestamp": "2026-04-05T16:04:33.444Z",
  "agent": "agent:life-v3-1775394733876",
  "eqs": 0.28600000000000003,
  "accuracy": 1,
  "magnitude": 0.008000000000000007,
  "branchesExplored": 1,
  "predictionError": 1,
  "cycleId": "sevo-life-cycle-5-1775405069103",
  "context": {
    "fitness": 0.703,
    "branches": 1,
    "survivalRate": 1,
    "beautyScore": 0.573,
    "efficiency": 0.153,
    "beauty": {
      "symmetry": 0.466,
      "complexity": 0.957,
      "rhythm": 0.301,
      "colorHarmony": 0.72,
      "coverage": 0.329
    },
    "totalTicks": 200,
    "avgAge": 200,
    "correct": 8,
    "total": 8
  }
}