{
  "@context": "sevo://v1",
  "@type": "Fitness",
  "@id": "fitness-agent-life-v3-1775390014691-sevo-life-cycle-10-1775392831414",
  "timestamp": "2026-04-05T12:40:31.898Z",
  "agent": "agent:life-v3-1775390014691",
  "eqs": 0.30540000000000006,
  "accuracy": 1,
  "magnitude": 0.05300000000000005,
  "branchesExplored": 1,
  "predictionError": 1,
  "cycleId": "sevo-life-cycle-10-1775392831414",
  "context": {
    "fitness": 0.684,
    "branches": 1,
    "survivalRate": 1,
    "beautyScore": 0.52,
    "efficiency": 0.139,
    "beauty": {
      "symmetry": 0.492,
      "complexity": 0.854,
      "rhythm": 0.153,
      "colorHarmony": 0.683,
      "coverage": 0.333
    },
    "totalTicks": 200,
    "avgAge": 200,
    "correct": 8,
    "total": 8
  }
}