{
  "@context": "sevo://v1",
  "@type": "Fitness",
  "@id": "fitness-agent-life-v3-1775390961181-sevo-life-cycle-3-1775394249760",
  "timestamp": "2026-04-05T13:04:11.433Z",
  "agent": "agent:life-v3-1775390961181",
  "eqs": 0.27660000000000007,
  "accuracy": 1,
  "magnitude": 0.0030000000000000027,
  "branchesExplored": 1,
  "predictionError": 1,
  "cycleId": "sevo-life-cycle-3-1775394249760",
  "context": {
    "fitness": 0.687,
    "branches": 1,
    "survivalRate": 1,
    "beautyScore": 0.526,
    "efficiency": 0.148,
    "beauty": {
      "symmetry": 0.524,
      "complexity": 0.879,
      "rhythm": 0.047,
      "colorHarmony": 0.72,
      "coverage": 0.383
    },
    "totalTicks": 200,
    "avgAge": 200,
    "correct": 8,
    "total": 8
  }
}