{
  "@context": "sevo://v1",
  "@type": "Fitness",
  "@id": "fitness-agent-life-v3-1775392671841-sevo-life-cycle-4-1775403766578",
  "timestamp": "2026-04-05T15:42:49.475Z",
  "agent": "agent:life-v3-1775392671841",
  "eqs": 0.29439999999999994,
  "accuracy": 1,
  "magnitude": 0.019999999999999907,
  "branchesExplored": 1,
  "predictionError": 1,
  "cycleId": "sevo-life-cycle-4-1775403766578",
  "context": {
    "fitness": 0.706,
    "branches": 1,
    "survivalRate": 1,
    "beautyScore": 0.593,
    "efficiency": 0.142,
    "beauty": {
      "symmetry": 0.686,
      "complexity": 0.811,
      "rhythm": 0.225,
      "colorHarmony": 0.72,
      "coverage": 0.442
    },
    "totalTicks": 200,
    "avgAge": 200,
    "correct": 8,
    "total": 8
  }
}