{
  "@context": "sevo://v1",
  "@type": "Fitness",
  "@id": "fitness-agent-life-v2-1775386725877-sevo-life-cycle-10-1775393355490",
  "timestamp": "2026-04-05T12:49:17.170Z",
  "agent": "agent:life-v2-1775386725877",
  "eqs": 0.28099999999999997,
  "accuracy": 1,
  "magnitude": 0.0010000000000000009,
  "branchesExplored": 1,
  "predictionError": 1,
  "cycleId": "sevo-life-cycle-10-1775393355490",
  "context": {
    "fitness": 0.701,
    "branches": 1,
    "survivalRate": 1,
    "beautyScore": 0.565,
    "efficiency": 0.156,
    "beauty": {
      "symmetry": 0.577,
      "complexity": 0.868,
      "rhythm": 0.221,
      "colorHarmony": 0.767,
      "coverage": 0.3
    },
    "totalTicks": 200,
    "avgAge": 200,
    "correct": 8,
    "total": 8
  }
}