{
  "@context": "sevo://v1",
  "@type": "Fitness",
  "@id": "fitness-agent-life-v4-1775392095072-sevo-life-cycle-6-1775392470474",
  "timestamp": "2026-04-05T12:34:30.811Z",
  "agent": "agent:life-v4-1775392095072",
  "eqs": 0.25620000000000004,
  "accuracy": 1,
  "magnitude": 0.0030000000000000027,
  "branchesExplored": 1,
  "predictionError": 1,
  "cycleId": "sevo-life-cycle-6-1775392470474",
  "context": {
    "fitness": 0.636,
    "branches": 1,
    "survivalRate": 0.875,
    "beautyScore": 0.573,
    "efficiency": 0.135,
    "beauty": {
      "symmetry": 0.645,
      "complexity": 0.821,
      "rhythm": 0.231,
      "colorHarmony": 0.683,
      "coverage": 0.383
    },
    "totalTicks": 200,
    "avgAge": 180,
    "correct": 7,
    "total": 8
  }
}