{
  "@context": "sevo://v1",
  "@type": "Fitness",
  "@id": "fitness-agent-life-v3-1775390579270-sevo-life-cycle-1-1775391591076",
  "timestamp": "2026-04-05T12:19:51.915Z",
  "agent": "agent:life-v3-1775390579270",
  "eqs": 0.28440000000000004,
  "accuracy": 1,
  "magnitude": 0.008000000000000007,
  "branchesExplored": 1,
  "predictionError": 1,
  "cycleId": "sevo-life-cycle-1-1775391591076",
  "context": {
    "fitness": 0.699,
    "branches": 1,
    "survivalRate": 1,
    "beautyScore": 0.565,
    "efficiency": 0.145,
    "beauty": {
      "symmetry": 0.615,
      "complexity": 0.834,
      "rhythm": 0.116,
      "colorHarmony": 0.72,
      "coverage": 0.479
    },
    "totalTicks": 200,
    "avgAge": 200,
    "correct": 8,
    "total": 8
  }
}