{
  "@context": "sevo://v1",
  "@type": "Fitness",
  "@id": "fitness-agent-life-v3-1775390014691-sevo-life-cycle-2-1775403715723",
  "timestamp": "2026-04-05T15:41:56.596Z",
  "agent": "agent:life-v3-1775390014691",
  "eqs": 0.32139999999999996,
  "accuracy": 1,
  "magnitude": 0.06899999999999995,
  "branchesExplored": 1,
  "predictionError": 1,
  "cycleId": "sevo-life-cycle-2-1775403715723",
  "context": {
    "fitness": 0.7,
    "branches": 1,
    "survivalRate": 1,
    "beautyScore": 0.563,
    "efficiency": 0.155,
    "beauty": {
      "symmetry": 0.512,
      "complexity": 0.837,
      "rhythm": 0.261,
      "colorHarmony": 0.72,
      "coverage": 0.433
    },
    "totalTicks": 200,
    "avgAge": 200,
    "correct": 8,
    "total": 8
  }
}