{
  "@context": "sevo://v1",
  "@type": "Fitness",
  "@id": "fitness-agent-life-v3-1775390091883-sevo-life-cycle-1-1775393670680",
  "timestamp": "2026-04-05T12:54:31.715Z",
  "agent": "agent:life-v3-1775390091883",
  "eqs": 0.3131999999999999,
  "accuracy": 1,
  "magnitude": 0.061999999999999944,
  "branchesExplored": 1,
  "predictionError": 1,
  "cycleId": "sevo-life-cycle-1-1775393670680",
  "context": {
    "fitness": 0.69,
    "branches": 1,
    "survivalRate": 1,
    "beautyScore": 0.531,
    "efficiency": 0.151,
    "beauty": {
      "symmetry": 0.395,
      "complexity": 0.961,
      "rhythm": 0.201,
      "colorHarmony": 0.72,
      "coverage": 0.296
    },
    "totalTicks": 200,
    "avgAge": 200,
    "correct": 8,
    "total": 8
  }
}