{
  "@context": "sevo://v1",
  "@type": "Fitness",
  "@id": "fitness-agent-life-v3-1775390846762-sevo-life-cycle-2-1775394227123",
  "timestamp": "2026-04-05T13:03:47.771Z",
  "agent": "agent:life-v3-1775390846762",
  "eqs": 0.29740000000000005,
  "accuracy": 1,
  "magnitude": 0.04300000000000004,
  "branchesExplored": 1,
  "predictionError": 1,
  "cycleId": "sevo-life-cycle-2-1775394227123",
  "context": {
    "fitness": 0.679,
    "branches": 1,
    "survivalRate": 1,
    "beautyScore": 0.505,
    "efficiency": 0.139,
    "beauty": {
      "symmetry": 0.368,
      "complexity": 0.902,
      "rhythm": 0.204,
      "colorHarmony": 0.683,
      "coverage": 0.292
    },
    "totalTicks": 200,
    "avgAge": 200,
    "correct": 8,
    "total": 8
  }
}