{
  "@context": "sevo://v1",
  "@type": "Fitness",
  "@id": "fitness-agent-life-v3-1775391792883-sevo-life-cycle-10-1775392573440",
  "timestamp": "2026-04-05T12:36:14.405Z",
  "agent": "agent:life-v3-1775391792883",
  "eqs": 0.25220000000000004,
  "accuracy": 1,
  "magnitude": 0.0030000000000000027,
  "branchesExplored": 1,
  "predictionError": 1,
  "cycleId": "sevo-life-cycle-10-1775392573440",
  "context": {
    "fitness": 0.626,
    "branches": 1,
    "survivalRate": 0.875,
    "beautyScore": 0.539,
    "efficiency": 0.132,
    "beauty": {
      "symmetry": 0.568,
      "complexity": 0.813,
      "rhythm": 0.124,
      "colorHarmony": 0.72,
      "coverage": 0.408
    },
    "totalTicks": 200,
    "avgAge": 186,
    "correct": 7,
    "total": 8
  }
}