{
  "@context": "sevo://v1",
  "@type": "Fitness",
  "@id": "fitness-agent-life-v3-1775390014691-sevo-life-cycle-2-1775391612344",
  "timestamp": "2026-04-05T12:20:12.749Z",
  "agent": "agent:life-v3-1775390014691",
  "eqs": 0.31739999999999996,
  "accuracy": 1,
  "magnitude": 0.06499999999999995,
  "branchesExplored": 1,
  "predictionError": 1,
  "cycleId": "sevo-life-cycle-2-1775391612344",
  "context": {
    "fitness": 0.696,
    "branches": 1,
    "survivalRate": 1,
    "beautyScore": 0.565,
    "efficiency": 0.134,
    "beauty": {
      "symmetry": 0.467,
      "complexity": 0.963,
      "rhythm": 0.158,
      "colorHarmony": 0.72,
      "coverage": 0.454
    },
    "totalTicks": 200,
    "avgAge": 200,
    "correct": 8,
    "total": 8
  }
}