{
  "@context": "sevo://v1",
  "@type": "Fitness",
  "@id": "fitness-agent-life-v3-1775392671841-sevo-life-cycle-2-1775404822559",
  "timestamp": "2026-04-05T16:00:26.134Z",
  "agent": "agent:life-v3-1775392671841",
  "eqs": 0.28339999999999993,
  "accuracy": 1,
  "magnitude": 0.008999999999999897,
  "branchesExplored": 1,
  "predictionError": 1,
  "cycleId": "sevo-life-cycle-2-1775404822559",
  "context": {
    "fitness": 0.695,
    "branches": 1,
    "survivalRate": 1,
    "beautyScore": 0.546,
    "efficiency": 0.155,
    "beauty": {
      "symmetry": 0.464,
      "complexity": 0.939,
      "rhythm": 0.164,
      "colorHarmony": 0.72,
      "coverage": 0.363
    },
    "totalTicks": 200,
    "avgAge": 200,
    "correct": 8,
    "total": 8
  }
}