{
  "@context": "sevo://v1",
  "@type": "Fitness",
  "@id": "fitness-agent-life-v3-1775391566502-sevo-life-cycle-4-1775404379464",
  "timestamp": "2026-04-05T15:53:02.165Z",
  "agent": "agent:life-v3-1775391566502",
  "eqs": 0.32939999999999997,
  "accuracy": 1,
  "magnitude": 0.07899999999999996,
  "branchesExplored": 1,
  "predictionError": 1,
  "cycleId": "sevo-life-cycle-4-1775404379464",
  "context": {
    "fitness": 0.705,
    "branches": 1,
    "survivalRate": 1,
    "beautyScore": 0.58,
    "efficiency": 0.154,
    "beauty": {
      "symmetry": 0.605,
      "complexity": 0.841,
      "rhythm": 0.198,
      "colorHarmony": 0.72,
      "coverage": 0.471
    },
    "totalTicks": 200,
    "avgAge": 200,
    "correct": 8,
    "total": 8
  }
}