{
  "@context": "sevo://v1",
  "@type": "Fitness",
  "@id": "fitness-agent-life-v4-1775394532719-sevo-life-cycle-4-1775394599291",
  "timestamp": "2026-04-05T13:10:00.435Z",
  "agent": "agent:life-v4-1775394532719",
  "eqs": 0.31159999999999993,
  "accuracy": 1,
  "magnitude": 0.05799999999999994,
  "branchesExplored": 1,
  "predictionError": 1,
  "cycleId": "sevo-life-cycle-4-1775394599291",
  "context": {
    "fitness": 0.692,
    "branches": 1,
    "survivalRate": 1,
    "beautyScore": 0.545,
    "efficiency": 0.144,
    "beauty": {
      "symmetry": 0.629,
      "complexity": 0.76,
      "rhythm": 0.088,
      "colorHarmony": 0.72,
      "coverage": 0.479
    },
    "totalTicks": 200,
    "avgAge": 200,
    "correct": 8,
    "total": 8
  }
}