{
  "@context": "sevo://v1",
  "@type": "Fitness",
  "@id": "fitness-agent-life-v3-1775390579270-sevo-life-cycle-9-1775392021309",
  "timestamp": "2026-04-05T12:27:02.260Z",
  "agent": "agent:life-v3-1775390579270",
  "eqs": 0.27940000000000004,
  "accuracy": 1,
  "magnitude": 0.0030000000000000027,
  "branchesExplored": 1,
  "predictionError": 1,
  "cycleId": "sevo-life-cycle-9-1775392021309",
  "context": {
    "fitness": 0.694,
    "branches": 1,
    "survivalRate": 1,
    "beautyScore": 0.549,
    "efficiency": 0.146,
    "beauty": {
      "symmetry": 0.528,
      "complexity": 0.818,
      "rhythm": 0.248,
      "colorHarmony": 0.72,
      "coverage": 0.363
    },
    "totalTicks": 200,
    "avgAge": 200,
    "correct": 8,
    "total": 8
  }
}