{
  "@context": "sevo://v1",
  "@type": "Fitness",
  "@id": "fitness-agent-life-v3-1775390846762-sevo-life-cycle-9-1775392281283",
  "timestamp": "2026-04-05T12:31:21.607Z",
  "agent": "agent:life-v3-1775390846762",
  "eqs": 0.31939999999999996,
  "accuracy": 1,
  "magnitude": 0.06499999999999995,
  "branchesExplored": 1,
  "predictionError": 1,
  "cycleId": "sevo-life-cycle-9-1775392281283",
  "context": {
    "fitness": 0.701,
    "branches": 1,
    "survivalRate": 1,
    "beautyScore": 0.576,
    "efficiency": 0.143,
    "beauty": {
      "symmetry": 0.648,
      "complexity": 0.812,
      "rhythm": 0.154,
      "colorHarmony": 0.733,
      "coverage": 0.471
    },
    "totalTicks": 200,
    "avgAge": 200,
    "correct": 8,
    "total": 8
  }
}