{
  "@context": "sevo://v1",
  "@type": "Fitness",
  "@id": "fitness-agent-life-v3-1775390846762-sevo-life-cycle-6-1775392725761",
  "timestamp": "2026-04-05T12:38:46.099Z",
  "agent": "agent:life-v3-1775390846762",
  "eqs": 0.30839999999999995,
  "accuracy": 1,
  "magnitude": 0.05399999999999994,
  "branchesExplored": 1,
  "predictionError": 1,
  "cycleId": "sevo-life-cycle-6-1775392725761",
  "context": {
    "fitness": 0.69,
    "branches": 1,
    "survivalRate": 1,
    "beautyScore": 0.536,
    "efficiency": 0.146,
    "beauty": {
      "symmetry": 0.545,
      "complexity": 0.833,
      "rhythm": 0.06,
      "colorHarmony": 0.72,
      "coverage": 0.475
    },
    "totalTicks": 200,
    "avgAge": 200,
    "correct": 8,
    "total": 8
  }
}