{
  "@context": "sevo://v1",
  "@type": "Fitness",
  "@id": "fitness-agent-life-v2-1775386935596-sevo-life-cycle-3-1775393993119",
  "timestamp": "2026-04-05T12:59:56.182Z",
  "agent": "agent:life-v2-1775386935596",
  "eqs": 0.30759999999999993,
  "accuracy": 1,
  "magnitude": 0.051999999999999935,
  "branchesExplored": 1,
  "predictionError": 1,
  "cycleId": "sevo-life-cycle-3-1775393993119",
  "context": {
    "fitness": 0.691,
    "branches": 1,
    "survivalRate": 1,
    "beautyScore": 0.538,
    "efficiency": 0.146,
    "beauty": {
      "symmetry": 0.452,
      "complexity": 0.934,
      "rhythm": 0.165,
      "colorHarmony": 0.72,
      "coverage": 0.338
    },
    "totalTicks": 200,
    "avgAge": 200,
    "correct": 8,
    "total": 8
  }
}