{
  "@context": "sevo://v1",
  "@type": "Fitness",
  "@id": "fitness-agent-life-v3-1775392671841-sevo-life-cycle-9-1775392807507",
  "timestamp": "2026-04-05T12:40:09.318Z",
  "agent": "agent:life-v3-1775392671841",
  "eqs": 0.28659999999999997,
  "accuracy": 1,
  "magnitude": 0.01100000000000001,
  "branchesExplored": 1,
  "predictionError": 1,
  "cycleId": "sevo-life-cycle-9-1775392807507",
  "context": {
    "fitness": 0.7,
    "branches": 1,
    "survivalRate": 1,
    "beautyScore": 0.565,
    "efficiency": 0.152,
    "beauty": {
      "symmetry": 0.52,
      "complexity": 0.89,
      "rhythm": 0.251,
      "colorHarmony": 0.72,
      "coverage": 0.363
    },
    "totalTicks": 200,
    "avgAge": 200,
    "correct": 8,
    "total": 8
  }
}