{
  "@context": "sevo://v1",
  "@type": "Fitness",
  "@id": "fitness-agent-life-v3-1775390846762-sevo-life-cycle-4-1775393738033",
  "timestamp": "2026-04-05T12:55:38.701Z",
  "agent": "agent:life-v3-1775390846762",
  "eqs": 0.31039999999999995,
  "accuracy": 1,
  "magnitude": 0.05599999999999994,
  "branchesExplored": 1,
  "predictionError": 1,
  "cycleId": "sevo-life-cycle-4-1775393738033",
  "context": {
    "fitness": 0.692,
    "branches": 1,
    "survivalRate": 1,
    "beautyScore": 0.539,
    "efficiency": 0.154,
    "beauty": {
      "symmetry": 0.599,
      "complexity": 0.749,
      "rhythm": 0.165,
      "colorHarmony": 0.72,
      "coverage": 0.404
    },
    "totalTicks": 200,
    "avgAge": 200,
    "correct": 8,
    "total": 8
  }
}