{
  "@context": "sevo://v1",
  "@type": "Fitness",
  "@id": "fitness-agent-life-v3-1775390014691-sevo-life-cycle-2-1775392100385",
  "timestamp": "2026-04-05T12:28:21.062Z",
  "agent": "agent:life-v3-1775390014691",
  "eqs": 0.32639999999999997,
  "accuracy": 1,
  "magnitude": 0.07399999999999995,
  "branchesExplored": 1,
  "predictionError": 1,
  "cycleId": "sevo-life-cycle-2-1775392100385",
  "context": {
    "fitness": 0.705,
    "branches": 1,
    "survivalRate": 1,
    "beautyScore": 0.584,
    "efficiency": 0.147,
    "beauty": {
      "symmetry": 0.595,
      "complexity": 0.836,
      "rhythm": 0.23,
      "colorHarmony": 0.72,
      "coverage": 0.483
    },
    "totalTicks": 200,
    "avgAge": 200,
    "correct": 8,
    "total": 8
  }
}