{
  "@context": "sevo://v1",
  "@type": "Fitness",
  "@id": "fitness-agent-life-v3-1775390091883-sevo-life-cycle-1-1775404676830",
  "timestamp": "2026-04-05T15:57:58.072Z",
  "agent": "agent:life-v3-1775390091883",
  "eqs": 0.28859999999999997,
  "accuracy": 1,
  "magnitude": 0.01100000000000001,
  "branchesExplored": 1,
  "predictionError": 1,
  "cycleId": "sevo-life-cycle-1-1775404676830",
  "context": {
    "fitness": 0.705,
    "branches": 1,
    "survivalRate": 1,
    "beautyScore": 0.586,
    "efficiency": 0.145,
    "beauty": {
      "symmetry": 0.596,
      "complexity": 0.827,
      "rhythm": 0.24,
      "colorHarmony": 0.72,
      "coverage": 0.492
    },
    "totalTicks": 200,
    "avgAge": 200,
    "correct": 8,
    "total": 8
  }
}