{
  "@context": "sevo://v1",
  "@type": "Fitness",
  "@id": "fitness-agent-life-v3-1775391792883-sevo-life-cycle-10-1775392309716",
  "timestamp": "2026-04-05T12:31:50.422Z",
  "agent": "agent:life-v3-1775391792883",
  "eqs": 0.32219999999999993,
  "accuracy": 1,
  "magnitude": 0.07299999999999995,
  "branchesExplored": 1,
  "predictionError": 1,
  "cycleId": "sevo-life-cycle-10-1775392309716",
  "context": {
    "fitness": 0.696,
    "branches": 1,
    "survivalRate": 1,
    "beautyScore": 0.559,
    "efficiency": 0.142,
    "beauty": {
      "symmetry": 0.622,
      "complexity": 0.772,
      "rhythm": 0.133,
      "colorHarmony": 0.72,
      "coverage": 0.504
    },
    "totalTicks": 200,
    "avgAge": 200,
    "correct": 8,
    "total": 8
  }
}