{
  "@context": "sevo://v1",
  "@type": "Fitness",
  "@id": "fitness-agent-life-v3-1775390918981-sevo-life-cycle-5-1775404568489",
  "timestamp": "2026-04-05T15:56:12.624Z",
  "agent": "agent:life-v3-1775390918981",
  "eqs": 0.28500000000000003,
  "accuracy": 1,
  "magnitude": 0.009000000000000008,
  "branchesExplored": 1,
  "predictionError": 1,
  "cycleId": "sevo-life-cycle-5-1775404568489",
  "context": {
    "fitness": 0.699,
    "branches": 1,
    "survivalRate": 1,
    "beautyScore": 0.563,
    "efficiency": 0.152,
    "beauty": {
      "symmetry": 0.546,
      "complexity": 0.883,
      "rhythm": 0.197,
      "colorHarmony": 0.72,
      "coverage": 0.388
    },
    "totalTicks": 200,
    "avgAge": 200,
    "correct": 8,
    "total": 8
  }
}