{
  "@context": "sevo://v1",
  "@type": "Fitness",
  "@id": "fitness-agent-life-v3-1775391566502-sevo-life-cycle-4-1775403766578",
  "timestamp": "2026-04-05T15:42:48.912Z",
  "agent": "agent:life-v3-1775391566502",
  "eqs": 0.32339999999999997,
  "accuracy": 1,
  "magnitude": 0.07299999999999995,
  "branchesExplored": 1,
  "predictionError": 1,
  "cycleId": "sevo-life-cycle-4-1775403766578",
  "context": {
    "fitness": 0.699,
    "branches": 1,
    "survivalRate": 1,
    "beautyScore": 0.56,
    "efficiency": 0.153,
    "beauty": {
      "symmetry": 0.508,
      "complexity": 0.942,
      "rhythm": 0.119,
      "colorHarmony": 0.72,
      "coverage": 0.438
    },
    "totalTicks": 200,
    "avgAge": 200,
    "correct": 8,
    "total": 8
  }
}