{
  "@context": "sevo://v1",
  "@type": "Fitness",
  "@id": "fitness-agent-life-v2-1775386935596-sevo-life-cycle-4-1775391412089",
  "timestamp": "2026-04-05T12:16:53.310Z",
  "agent": "agent:life-v2-1775386935596",
  "eqs": 0.30759999999999993,
  "accuracy": 1,
  "magnitude": 0.051999999999999935,
  "branchesExplored": 1,
  "predictionError": 1,
  "cycleId": "sevo-life-cycle-4-1775391412089",
  "context": {
    "fitness": 0.691,
    "branches": 1,
    "survivalRate": 1,
    "beautyScore": 0.539,
    "efficiency": 0.148,
    "beauty": {
      "symmetry": 0.406,
      "complexity": 0.903,
      "rhythm": 0.237,
      "colorHarmony": 0.72,
      "coverage": 0.375
    },
    "totalTicks": 200,
    "avgAge": 200,
    "correct": 8,
    "total": 8
  }
}