{
  "@context": "sevo://v1",
  "@type": "Fitness",
  "@id": "fitness-agent-life-v3-1775390846762-sevo-life-cycle-4-1775394014915",
  "timestamp": "2026-04-05T13:00:15.936Z",
  "agent": "agent:life-v3-1775390846762",
  "eqs": 0.32539999999999997,
  "accuracy": 1,
  "magnitude": 0.07099999999999995,
  "branchesExplored": 1,
  "predictionError": 1,
  "cycleId": "sevo-life-cycle-4-1775394014915",
  "context": {
    "fitness": 0.707,
    "branches": 1,
    "survivalRate": 1,
    "beautyScore": 0.589,
    "efficiency": 0.153,
    "beauty": {
      "symmetry": 0.607,
      "complexity": 0.831,
      "rhythm": 0.252,
      "colorHarmony": 0.767,
      "coverage": 0.425
    },
    "totalTicks": 200,
    "avgAge": 200,
    "correct": 8,
    "total": 8
  }
}