{
  "@context": "sevo://v1",
  "@type": "Fitness",
  "@id": "fitness-agent-life-v2-1775386935596-sevo-life-cycle-2-1775389509387",
  "timestamp": "2026-04-05T11:45:09.718Z",
  "agent": "agent:life-v2-1775386935596",
  "eqs": 0.31039999999999995,
  "accuracy": 1,
  "magnitude": 0.05799999999999994,
  "branchesExplored": 1,
  "predictionError": 1,
  "cycleId": "sevo-life-cycle-2-1775389509387",
  "context": {
    "fitness": 0.689,
    "branches": 1,
    "survivalRate": 1,
    "beautyScore": 0.529,
    "efficiency": 0.153,
    "beauty": {
      "symmetry": 0.342,
      "complexity": 0.966,
      "rhythm": 0.231,
      "colorHarmony": 0.72,
      "coverage": 0.321
    },
    "totalTicks": 200,
    "avgAge": 200,
    "correct": 8,
    "total": 8
  }
}