{
  "@context": "sevo://v1",
  "@type": "Fitness",
  "@id": "fitness-agent-life-v3-1775390961181-sevo-life-cycle-3-1775403920183",
  "timestamp": "2026-04-05T15:45:22.377Z",
  "agent": "agent:life-v3-1775390961181",
  "eqs": 0.2915999999999999,
  "accuracy": 1,
  "magnitude": 0.017999999999999905,
  "branchesExplored": 1,
  "predictionError": 1,
  "cycleId": "sevo-life-cycle-3-1775403920183",
  "context": {
    "fitness": 0.702,
    "branches": 1,
    "survivalRate": 1,
    "beautyScore": 0.571,
    "efficiency": 0.152,
    "beauty": {
      "symmetry": 0.557,
      "complexity": 0.893,
      "rhythm": 0.178,
      "colorHarmony": 0.72,
      "coverage": 0.429
    },
    "totalTicks": 200,
    "avgAge": 200,
    "correct": 8,
    "total": 8
  }
}