{
  "@context": "sevo://v1",
  "@type": "Fitness",
  "@id": "fitness-agent-life-v3-1775390918981-sevo-life-cycle-3-1775405023544",
  "timestamp": "2026-04-05T16:03:48.194Z",
  "agent": "agent:life-v3-1775390918981",
  "eqs": 0.28099999999999997,
  "accuracy": 1,
  "magnitude": 0.0050000000000000044,
  "branchesExplored": 1,
  "predictionError": 1,
  "cycleId": "sevo-life-cycle-3-1775405023544",
  "context": {
    "fitness": 0.695,
    "branches": 1,
    "survivalRate": 1,
    "beautyScore": 0.544,
    "efficiency": 0.156,
    "beauty": {
      "symmetry": 0.485,
      "complexity": 0.87,
      "rhythm": 0.191,
      "colorHarmony": 0.72,
      "coverage": 0.396
    },
    "totalTicks": 200,
    "avgAge": 200,
    "correct": 8,
    "total": 8
  }
}