{
  "@context": "sevo://v1",
  "@type": "Fitness",
  "@id": "fitness-agent-life-v3-1775392671841-sevo-life-cycle-4-1775394991282",
  "timestamp": "2026-04-05T13:16:34.291Z",
  "agent": "agent:life-v3-1775392671841",
  "eqs": 0.28239999999999993,
  "accuracy": 1,
  "magnitude": 0.007999999999999896,
  "branchesExplored": 1,
  "predictionError": 1,
  "cycleId": "sevo-life-cycle-4-1775394991282",
  "context": {
    "fitness": 0.694,
    "branches": 1,
    "survivalRate": 1,
    "beautyScore": 0.548,
    "efficiency": 0.15,
    "beauty": {
      "symmetry": 0.52,
      "complexity": 0.835,
      "rhythm": 0.155,
      "colorHarmony": 0.72,
      "coverage": 0.467
    },
    "totalTicks": 200,
    "avgAge": 200,
    "correct": 8,
    "total": 8
  }
}