{
  "@context": "sevo://v1",
  "@type": "Fitness",
  "@id": "fitness-agent-life-v2-1775386725877-sevo-life-cycle-5-1775391185227",
  "timestamp": "2026-04-05T12:13:06.230Z",
  "agent": "agent:life-v2-1775386725877",
  "eqs": 0.30959999999999993,
  "accuracy": 1,
  "magnitude": 0.05599999999999994,
  "branchesExplored": 1,
  "predictionError": 1,
  "cycleId": "sevo-life-cycle-5-1775391185227",
  "context": {
    "fitness": 0.69,
    "branches": 1,
    "survivalRate": 1,
    "beautyScore": 0.532,
    "efficiency": 0.15,
    "beauty": {
      "symmetry": 0.471,
      "complexity": 0.918,
      "rhythm": 0.125,
      "colorHarmony": 0.72,
      "coverage": 0.346
    },
    "totalTicks": 200,
    "avgAge": 200,
    "correct": 8,
    "total": 8
  }
}