{
  "@context": "sevo://v1",
  "@type": "Fitness",
  "@id": "fitness-agent-life-v2-1775386935596-sevo-life-cycle-10-1775390170570",
  "timestamp": "2026-04-05T11:56:11.012Z",
  "agent": "agent:life-v2-1775386935596",
  "eqs": 0.32159999999999994,
  "accuracy": 1,
  "magnitude": 0.06599999999999995,
  "branchesExplored": 1,
  "predictionError": 1,
  "cycleId": "sevo-life-cycle-10-1775390170570",
  "context": {
    "fitness": 0.705,
    "branches": 1,
    "survivalRate": 1,
    "beautyScore": 0.587,
    "efficiency": 0.146,
    "beauty": {
      "symmetry": 0.629,
      "complexity": 0.877,
      "rhythm": 0.227,
      "colorHarmony": 0.72,
      "coverage": 0.379
    },
    "totalTicks": 200,
    "avgAge": 200,
    "correct": 8,
    "total": 8
  }
}