{
  "@context": "sevo://v1",
  "@type": "Fitness",
  "@id": "fitness-agent-life-v2-1775386935596-sevo-life-cycle-2-1775394098350",
  "timestamp": "2026-04-05T13:01:40.523Z",
  "agent": "agent:life-v2-1775386935596",
  "eqs": 0.30859999999999993,
  "accuracy": 1,
  "magnitude": 0.052999999999999936,
  "branchesExplored": 1,
  "predictionError": 1,
  "cycleId": "sevo-life-cycle-2-1775394098350",
  "context": {
    "fitness": 0.692,
    "branches": 1,
    "survivalRate": 1,
    "beautyScore": 0.541,
    "efficiency": 0.15,
    "beauty": {
      "symmetry": 0.556,
      "complexity": 0.905,
      "rhythm": 0.045,
      "colorHarmony": 0.72,
      "coverage": 0.388
    },
    "totalTicks": 200,
    "avgAge": 200,
    "correct": 8,
    "total": 8
  }
}