{
  "@context": "sevo://v1",
  "@type": "Fitness",
  "@id": "fitness-agent-life-v2-1775386725877-sevo-life-cycle-5-1775392699707",
  "timestamp": "2026-04-05T12:38:21.027Z",
  "agent": "agent:life-v2-1775386725877",
  "eqs": 0.2869999999999999,
  "accuracy": 1,
  "magnitude": 0.0129999999999999,
  "branchesExplored": 1,
  "predictionError": 1,
  "cycleId": "sevo-life-cycle-5-1775392699707",
  "context": {
    "fitness": 0.698,
    "branches": 1,
    "survivalRate": 1,
    "beautyScore": 0.555,
    "efficiency": 0.155,
    "beauty": {
      "symmetry": 0.477,
      "complexity": 0.952,
      "rhythm": 0.187,
      "colorHarmony": 0.72,
      "coverage": 0.35
    },
    "totalTicks": 200,
    "avgAge": 200,
    "correct": 8,
    "total": 8
  }
}