{
  "@context": "sevo://v1",
  "@type": "Fitness",
  "@id": "fitness-agent-life-v2-1775386935596-sevo-life-cycle-9-1775389810471",
  "timestamp": "2026-04-05T11:50:10.837Z",
  "agent": "agent:life-v2-1775386935596",
  "eqs": 0.30759999999999993,
  "accuracy": 1,
  "magnitude": 0.051999999999999935,
  "branchesExplored": 1,
  "predictionError": 1,
  "cycleId": "sevo-life-cycle-9-1775389810471",
  "context": {
    "fitness": 0.691,
    "branches": 1,
    "survivalRate": 1,
    "beautyScore": 0.536,
    "efficiency": 0.153,
    "beauty": {
      "symmetry": 0.364,
      "complexity": 0.93,
      "rhythm": 0.278,
      "colorHarmony": 0.72,
      "coverage": 0.325
    },
    "totalTicks": 200,
    "avgAge": 200,
    "correct": 8,
    "total": 8
  }
}