{
  "@context": "sevo://v1",
  "@type": "Fitness",
  "@id": "fitness-agent-life-v3-1775390014691-sevo-life-cycle-6-1775392725761",
  "timestamp": "2026-04-05T12:38:46.239Z",
  "agent": "agent:life-v3-1775390014691",
  "eqs": 0.31639999999999996,
  "accuracy": 1,
  "magnitude": 0.06399999999999995,
  "branchesExplored": 1,
  "predictionError": 1,
  "cycleId": "sevo-life-cycle-6-1775392725761",
  "context": {
    "fitness": 0.695,
    "branches": 1,
    "survivalRate": 1,
    "beautyScore": 0.554,
    "efficiency": 0.143,
    "beauty": {
      "symmetry": 0.532,
      "complexity": 0.879,
      "rhythm": 0.175,
      "colorHarmony": 0.72,
      "coverage": 0.388
    },
    "totalTicks": 200,
    "avgAge": 200,
    "correct": 8,
    "total": 8
  }
}