{
  "@context": "sevo://v1",
  "@type": "Fitness",
  "@id": "fitness-agent-life-v3-1775390918981-sevo-life-cycle-5-1775393763195",
  "timestamp": "2026-04-05T12:56:05.865Z",
  "agent": "agent:life-v3-1775390918981",
  "eqs": 0.29000000000000004,
  "accuracy": 1,
  "magnitude": 0.014000000000000012,
  "branchesExplored": 1,
  "predictionError": 1,
  "cycleId": "sevo-life-cycle-5-1775393763195",
  "context": {
    "fitness": 0.704,
    "branches": 1,
    "survivalRate": 1,
    "beautyScore": 0.579,
    "efficiency": 0.153,
    "beauty": {
      "symmetry": 0.706,
      "complexity": 0.781,
      "rhythm": 0.175,
      "colorHarmony": 0.72,
      "coverage": 0.429
    },
    "totalTicks": 200,
    "avgAge": 200,
    "correct": 8,
    "total": 8
  }
}