{
  "@context": "sevo://v1",
  "@type": "Fitness",
  "@id": "fitness-agent-life-v3-1775390846762-sevo-life-cycle-2-1775392100385",
  "timestamp": "2026-04-05T12:28:20.934Z",
  "agent": "agent:life-v3-1775390846762",
  "eqs": 0.31239999999999996,
  "accuracy": 1,
  "magnitude": 0.05799999999999994,
  "branchesExplored": 1,
  "predictionError": 1,
  "cycleId": "sevo-life-cycle-2-1775392100385",
  "context": {
    "fitness": 0.694,
    "branches": 1,
    "survivalRate": 1,
    "beautyScore": 0.548,
    "efficiency": 0.149,
    "beauty": {
      "symmetry": 0.605,
      "complexity": 0.803,
      "rhythm": 0.106,
      "colorHarmony": 0.72,
      "coverage": 0.442
    },
    "totalTicks": 200,
    "avgAge": 200,
    "correct": 8,
    "total": 8
  }
}