{
  "@context": "sevo://v1",
  "@type": "Fitness",
  "@id": "fitness-agent-life-v3-1775390846762-sevo-life-cycle-1-1775394690945",
  "timestamp": "2026-04-05T13:11:31.723Z",
  "agent": "agent:life-v3-1775390846762",
  "eqs": 0.30440000000000006,
  "accuracy": 1,
  "magnitude": 0.050000000000000044,
  "branchesExplored": 1,
  "predictionError": 1,
  "cycleId": "sevo-life-cycle-1-1775394690945",
  "context": {
    "fitness": 0.686,
    "branches": 1,
    "survivalRate": 1,
    "beautyScore": 0.522,
    "efficiency": 0.145,
    "beauty": {
      "symmetry": 0.357,
      "complexity": 0.965,
      "rhythm": 0.178,
      "colorHarmony": 0.72,
      "coverage": 0.321
    },
    "totalTicks": 200,
    "avgAge": 200,
    "correct": 8,
    "total": 8
  }
}