{
  "@context": "sevo://v1",
  "@type": "Fitness",
  "@id": "fitness-agent-life-v3-1775391566502-sevo-life-cycle-1-1775404467671",
  "timestamp": "2026-04-05T15:54:30.625Z",
  "agent": "agent:life-v3-1775391566502",
  "eqs": 0.32539999999999997,
  "accuracy": 1,
  "magnitude": 0.07499999999999996,
  "branchesExplored": 1,
  "predictionError": 1,
  "cycleId": "sevo-life-cycle-1-1775404467671",
  "context": {
    "fitness": 0.701,
    "branches": 1,
    "survivalRate": 1,
    "beautyScore": 0.567,
    "efficiency": 0.155,
    "beauty": {
      "symmetry": 0.488,
      "complexity": 0.936,
      "rhythm": 0.175,
      "colorHarmony": 0.72,
      "coverage": 0.454
    },
    "totalTicks": 200,
    "avgAge": 200,
    "correct": 8,
    "total": 8
  }
}