{
  "@context": "sevo://v1",
  "@type": "Fitness",
  "@id": "fitness-agent-life-v3-1775390014691-sevo-life-cycle-3-1775394562254",
  "timestamp": "2026-04-05T13:09:24.044Z",
  "agent": "agent:life-v3-1775390014691",
  "eqs": 0.31739999999999996,
  "accuracy": 1,
  "magnitude": 0.06499999999999995,
  "branchesExplored": 1,
  "predictionError": 1,
  "cycleId": "sevo-life-cycle-3-1775394562254",
  "context": {
    "fitness": 0.696,
    "branches": 1,
    "survivalRate": 1,
    "beautyScore": 0.555,
    "efficiency": 0.147,
    "beauty": {
      "symmetry": 0.59,
      "complexity": 0.848,
      "rhythm": 0.119,
      "colorHarmony": 0.767,
      "coverage": 0.379
    },
    "totalTicks": 200,
    "avgAge": 200,
    "correct": 8,
    "total": 8
  }
}