{
  "@context": "sevo://v1",
  "@type": "Fitness",
  "@id": "fitness-agent-life-v3-1775390846762-sevo-life-cycle-1-1775392860137",
  "timestamp": "2026-04-05T12:41:00.490Z",
  "agent": "agent:life-v3-1775390846762",
  "eqs": 0.31139999999999995,
  "accuracy": 1,
  "magnitude": 0.05699999999999994,
  "branchesExplored": 1,
  "predictionError": 1,
  "cycleId": "sevo-life-cycle-1-1775392860137",
  "context": {
    "fitness": 0.693,
    "branches": 1,
    "survivalRate": 1,
    "beautyScore": 0.55,
    "efficiency": 0.139,
    "beauty": {
      "symmetry": 0.41,
      "complexity": 0.946,
      "rhythm": 0.304,
      "colorHarmony": 0.72,
      "coverage": 0.279
    },
    "totalTicks": 200,
    "avgAge": 200,
    "correct": 8,
    "total": 8
  }
}