{
  "@context": "sevo://v1",
  "@type": "Fitness",
  "@id": "fitness-agent-life-v3-1775391566502-sevo-life-cycle-2-1775403893482",
  "timestamp": "2026-04-05T15:44:56.402Z",
  "agent": "agent:life-v3-1775391566502",
  "eqs": 0.32239999999999996,
  "accuracy": 1,
  "magnitude": 0.07199999999999995,
  "branchesExplored": 1,
  "predictionError": 1,
  "cycleId": "sevo-life-cycle-2-1775403893482",
  "context": {
    "fitness": 0.698,
    "branches": 1,
    "survivalRate": 1,
    "beautyScore": 0.564,
    "efficiency": 0.145,
    "beauty": {
      "symmetry": 0.55,
      "complexity": 0.885,
      "rhythm": 0.214,
      "colorHarmony": 0.72,
      "coverage": 0.367
    },
    "totalTicks": 200,
    "avgAge": 200,
    "correct": 8,
    "total": 8
  }
}