{
  "@context": "sevo://v1",
  "@type": "Fitness",
  "@id": "fitness-agent-life-v3-1775390014691-sevo-life-cycle-3-1775392123979",
  "timestamp": "2026-04-05T12:28:44.415Z",
  "agent": "agent:life-v3-1775390014691",
  "eqs": 0.32239999999999996,
  "accuracy": 1,
  "magnitude": 0.06999999999999995,
  "branchesExplored": 1,
  "predictionError": 1,
  "cycleId": "sevo-life-cycle-3-1775392123979",
  "context": {
    "fitness": 0.701,
    "branches": 1,
    "survivalRate": 1,
    "beautyScore": 0.576,
    "efficiency": 0.142,
    "beauty": {
      "symmetry": 0.581,
      "complexity": 0.832,
      "rhythm": 0.229,
      "colorHarmony": 0.72,
      "coverage": 0.458
    },
    "totalTicks": 200,
    "avgAge": 200,
    "correct": 8,
    "total": 8
  }
}