{
  "@context": "sevo://v1",
  "@type": "Fitness",
  "@id": "fitness-agent-life-v3-1775390014691-sevo-life-cycle-1-1775403683037",
  "timestamp": "2026-04-05T15:41:24.902Z",
  "agent": "agent:life-v3-1775390014691",
  "eqs": 0.31639999999999996,
  "accuracy": 1,
  "magnitude": 0.06399999999999995,
  "branchesExplored": 1,
  "predictionError": 1,
  "cycleId": "sevo-life-cycle-1-1775403683037",
  "context": {
    "fitness": 0.695,
    "branches": 1,
    "survivalRate": 1,
    "beautyScore": 0.549,
    "efficiency": 0.153,
    "beauty": {
      "symmetry": 0.601,
      "complexity": 0.859,
      "rhythm": 0.061,
      "colorHarmony": 0.72,
      "coverage": 0.425
    },
    "totalTicks": 200,
    "avgAge": 200,
    "correct": 8,
    "total": 8
  }
}