{
  "@context": "sevo://v1",
  "@type": "Fitness",
  "@id": "fitness-agent-life-v3-1775389645056-sevo-life-cycle-3-1775390605837",
  "timestamp": "2026-04-05T12:03:26.264Z",
  "agent": "agent:life-v3-1775389645056",
  "eqs": 0.32199999999999995,
  "accuracy": 1,
  "magnitude": 0.06999999999999995,
  "branchesExplored": 1,
  "predictionError": 1,
  "cycleId": "sevo-life-cycle-3-1775390605837",
  "context": {
    "fitness": 0.7,
    "branches": 1,
    "survivalRate": 1,
    "beautyScore": 0.57,
    "efficiency": 0.143,
    "beauty": {
      "symmetry": 0.575,
      "complexity": 0.864,
      "rhythm": 0.196,
      "colorHarmony": 0.72,
      "coverage": 0.421
    },
    "totalTicks": 200,
    "avgAge": 200,
    "correct": 8,
    "total": 8
  }
}