{
  "@context": "sevo://v1",
  "@type": "Fitness",
  "@id": "fitness-agent-life-v3-1775390846762-sevo-life-cycle-5-1775392699707",
  "timestamp": "2026-04-05T12:38:20.046Z",
  "agent": "agent:life-v3-1775390846762",
  "eqs": 0.30540000000000006,
  "accuracy": 1,
  "magnitude": 0.051000000000000045,
  "branchesExplored": 1,
  "predictionError": 1,
  "cycleId": "sevo-life-cycle-5-1775392699707",
  "context": {
    "fitness": 0.687,
    "branches": 1,
    "survivalRate": 1,
    "beautyScore": 0.527,
    "efficiency": 0.146,
    "beauty": {
      "symmetry": 0.44,
      "complexity": 0.861,
      "rhythm": 0.158,
      "colorHarmony": 0.72,
      "coverage": 0.417
    },
    "totalTicks": 200,
    "avgAge": 200,
    "correct": 8,
    "total": 8
  }
}