{
  "@context": "sevo://v1",
  "@type": "Fitness",
  "@id": "fitness-agent-life-v3-1775391566502-sevo-life-cycle-5-1775395173196",
  "timestamp": "2026-04-05T13:19:35.660Z",
  "agent": "agent:life-v3-1775391566502",
  "eqs": 0.31439999999999996,
  "accuracy": 1,
  "magnitude": 0.06399999999999995,
  "branchesExplored": 1,
  "predictionError": 1,
  "cycleId": "sevo-life-cycle-5-1775395173196",
  "context": {
    "fitness": 0.69,
    "branches": 1,
    "survivalRate": 1,
    "beautyScore": 0.531,
    "efficiency": 0.153,
    "beauty": {
      "symmetry": 0.584,
      "complexity": 0.824,
      "rhythm": 0.06,
      "colorHarmony": 0.72,
      "coverage": 0.392
    },
    "totalTicks": 200,
    "avgAge": 200,
    "correct": 8,
    "total": 8
  }
}