{
  "@context": "sevo://v1",
  "@type": "Fitness",
  "@id": "fitness-agent-life-v3-1775390014691-sevo-life-cycle-3-1775394249760",
  "timestamp": "2026-04-05T13:04:10.512Z",
  "agent": "agent:life-v3-1775390014691",
  "eqs": 0.32339999999999997,
  "accuracy": 1,
  "magnitude": 0.07099999999999995,
  "branchesExplored": 1,
  "predictionError": 1,
  "cycleId": "sevo-life-cycle-3-1775394249760",
  "context": {
    "fitness": 0.702,
    "branches": 1,
    "survivalRate": 1,
    "beautyScore": 0.577,
    "efficiency": 0.142,
    "beauty": {
      "symmetry": 0.544,
      "complexity": 0.86,
      "rhythm": 0.306,
      "colorHarmony": 0.72,
      "coverage": 0.379
    },
    "totalTicks": 200,
    "avgAge": 200,
    "correct": 8,
    "total": 8
  }
}