{
  "@context": "sevo://v1",
  "@type": "Fitness",
  "@id": "fitness-agent-life-v3-1775389645056-sevo-life-cycle-4-1775392417836",
  "timestamp": "2026-04-05T12:33:38.666Z",
  "agent": "agent:life-v3-1775389645056",
  "eqs": 0.28719999999999996,
  "accuracy": 1,
  "magnitude": 0.01200000000000001,
  "branchesExplored": 1,
  "predictionError": 1,
  "cycleId": "sevo-life-cycle-4-1775392417836",
  "context": {
    "fitness": 0.7,
    "branches": 1,
    "survivalRate": 1,
    "beautyScore": 0.572,
    "efficiency": 0.143,
    "beauty": {
      "symmetry": 0.65,
      "complexity": 0.818,
      "rhythm": 0.19,
      "colorHarmony": 0.72,
      "coverage": 0.396
    },
    "totalTicks": 200,
    "avgAge": 200,
    "correct": 8,
    "total": 8
  }
}