{
  "@context": "sevo://v1",
  "@type": "Fitness",
  "@id": "fitness-agent-life-v3-1775404778028-sevo-life-cycle-2-1775404822559",
  "timestamp": "2026-04-05T16:00:23.251Z",
  "agent": "agent:life-v3-1775404778028",
  "eqs": 0.32259999999999994,
  "accuracy": 1,
  "magnitude": 0.07299999999999995,
  "branchesExplored": 1,
  "predictionError": 1,
  "cycleId": "sevo-life-cycle-2-1775404822559",
  "context": {
    "fitness": 0.697,
    "branches": 1,
    "survivalRate": 1,
    "beautyScore": 0.553,
    "efficiency": 0.153,
    "beauty": {
      "symmetry": 0.582,
      "complexity": 0.867,
      "rhythm": 0.129,
      "colorHarmony": 0.72,
      "coverage": 0.383
    },
    "totalTicks": 200,
    "avgAge": 200,
    "correct": 8,
    "total": 8
  }
}