{
  "@context": "sevo://v1",
  "@type": "Fitness",
  "@id": "fitness-agent-life-v3-1775390091883-sevo-life-cycle-4-1775394599291",
  "timestamp": "2026-04-05T13:10:01.345Z",
  "agent": "agent:life-v3-1775390091883",
  "eqs": 0.30720000000000003,
  "accuracy": 1,
  "magnitude": 0.05600000000000005,
  "branchesExplored": 1,
  "predictionError": 1,
  "cycleId": "sevo-life-cycle-4-1775394599291",
  "context": {
    "fitness": 0.684,
    "branches": 1,
    "survivalRate": 1,
    "beautyScore": 0.524,
    "efficiency": 0.136,
    "beauty": {
      "symmetry": 0.434,
      "complexity": 0.927,
      "rhythm": 0.122,
      "colorHarmony": 0.72,
      "coverage": 0.342
    },
    "totalTicks": 200,
    "avgAge": 200,
    "correct": 8,
    "total": 8
  }
}