{
  "@context": "sevo://v1",
  "@type": "Fitness",
  "@id": "fitness-agent-life-v3-1775391566502-sevo-life-cycle-1-1775404032254",
  "timestamp": "2026-04-05T15:47:15.075Z",
  "agent": "agent:life-v3-1775391566502",
  "eqs": 0.32339999999999997,
  "accuracy": 1,
  "magnitude": 0.07299999999999995,
  "branchesExplored": 1,
  "predictionError": 1,
  "cycleId": "sevo-life-cycle-1-1775404032254",
  "context": {
    "fitness": 0.699,
    "branches": 1,
    "survivalRate": 1,
    "beautyScore": 0.564,
    "efficiency": 0.148,
    "beauty": {
      "symmetry": 0.539,
      "complexity": 0.928,
      "rhythm": 0.171,
      "colorHarmony": 0.72,
      "coverage": 0.367
    },
    "totalTicks": 200,
    "avgAge": 200,
    "correct": 8,
    "total": 8
  }
}