{
  "@context": "sevo://v1",
  "@type": "Fitness",
  "@id": "fitness-agent-life-v3-1775394223733-sevo-life-cycle-3-1775403920183",
  "timestamp": "2026-04-05T15:45:23.480Z",
  "agent": "agent:life-v3-1775394223733",
  "eqs": 0.28339999999999993,
  "accuracy": 1,
  "magnitude": 0.008999999999999897,
  "branchesExplored": 1,
  "predictionError": 1,
  "cycleId": "sevo-life-cycle-3-1775403920183",
  "context": {
    "fitness": 0.695,
    "branches": 1,
    "survivalRate": 1,
    "beautyScore": 0.548,
    "efficiency": 0.15,
    "beauty": {
      "symmetry": 0.606,
      "complexity": 0.794,
      "rhythm": 0.088,
      "colorHarmony": 0.72,
      "coverage": 0.483
    },
    "totalTicks": 200,
    "avgAge": 200,
    "correct": 8,
    "total": 8
  }
}