{
  "@context": "sevo://v1",
  "@type": "Fitness",
  "@id": "fitness-agent-life-v2-1775386935596-sevo-life-cycle-2-1775393968568",
  "timestamp": "2026-04-05T12:59:30.720Z",
  "agent": "agent:life-v2-1775386935596",
  "eqs": 0.31259999999999993,
  "accuracy": 1,
  "magnitude": 0.05699999999999994,
  "branchesExplored": 1,
  "predictionError": 1,
  "cycleId": "sevo-life-cycle-2-1775393968568",
  "context": {
    "fitness": 0.696,
    "branches": 1,
    "survivalRate": 1,
    "beautyScore": 0.552,
    "efficiency": 0.15,
    "beauty": {
      "symmetry": 0.506,
      "complexity": 0.883,
      "rhythm": 0.181,
      "colorHarmony": 0.72,
      "coverage": 0.404
    },
    "totalTicks": 200,
    "avgAge": 200,
    "correct": 8,
    "total": 8
  }
}