{
  "@context": "sevo://v1",
  "@type": "Fitness",
  "@id": "fitness-agent-life-v3-1775390961181-sevo-life-cycle-6-1775391460677",
  "timestamp": "2026-04-05T12:17:41.571Z",
  "agent": "agent:life-v3-1775390961181",
  "eqs": 0.31939999999999996,
  "accuracy": 1,
  "magnitude": 0.06299999999999994,
  "branchesExplored": 1,
  "predictionError": 1,
  "cycleId": "sevo-life-cycle-6-1775391460677",
  "context": {
    "fitness": 0.704,
    "branches": 1,
    "survivalRate": 1,
    "beautyScore": 0.577,
    "efficiency": 0.155,
    "beauty": {
      "symmetry": 0.615,
      "complexity": 0.86,
      "rhythm": 0.156,
      "colorHarmony": 0.72,
      "coverage": 0.458
    },
    "totalTicks": 200,
    "avgAge": 200,
    "correct": 8,
    "total": 8
  }
}