{
  "@context": "sevo://v1",
  "@type": "Fitness",
  "@id": "fitness-agent-life-v3-1775392671841-sevo-life-cycle-7-1775392755020",
  "timestamp": "2026-04-05T12:39:16.837Z",
  "agent": "agent:life-v3-1775392671841",
  "eqs": 0.28259999999999996,
  "accuracy": 1,
  "magnitude": 0.007000000000000006,
  "branchesExplored": 1,
  "predictionError": 1,
  "cycleId": "sevo-life-cycle-7-1775392755020",
  "context": {
    "fitness": 0.696,
    "branches": 1,
    "survivalRate": 1,
    "beautyScore": 0.554,
    "efficiency": 0.147,
    "beauty": {
      "symmetry": 0.522,
      "complexity": 0.91,
      "rhythm": 0.129,
      "colorHarmony": 0.72,
      "coverage": 0.417
    },
    "totalTicks": 200,
    "avgAge": 200,
    "correct": 8,
    "total": 8
  }
}