{
  "@context": "sevo://v1",
  "@type": "Fitness",
  "@id": "fitness-agent-life-v3-1775390846762-sevo-life-cycle-4-1775394991282",
  "timestamp": "2026-04-05T13:16:31.979Z",
  "agent": "agent:life-v3-1775390846762",
  "eqs": 0.32339999999999997,
  "accuracy": 1,
  "magnitude": 0.06899999999999995,
  "branchesExplored": 1,
  "predictionError": 1,
  "cycleId": "sevo-life-cycle-4-1775394991282",
  "context": {
    "fitness": 0.705,
    "branches": 1,
    "survivalRate": 1,
    "beautyScore": 0.584,
    "efficiency": 0.15,
    "beauty": {
      "symmetry": 0.676,
      "complexity": 0.784,
      "rhythm": 0.231,
      "colorHarmony": 0.72,
      "coverage": 0.429
    },
    "totalTicks": 200,
    "avgAge": 200,
    "correct": 8,
    "total": 8
  }
}