{
  "@context": "sevo://v1",
  "@type": "Fitness",
  "@id": "fitness-agent-life-v3-1775390961181-sevo-life-cycle-7-1775392755020",
  "timestamp": "2026-04-05T12:39:16.228Z",
  "agent": "agent:life-v3-1775390961181",
  "eqs": 0.31139999999999995,
  "accuracy": 1,
  "magnitude": 0.05499999999999994,
  "branchesExplored": 1,
  "predictionError": 1,
  "cycleId": "sevo-life-cycle-7-1775392755020",
  "context": {
    "fitness": 0.696,
    "branches": 1,
    "survivalRate": 1,
    "beautyScore": 0.555,
    "efficiency": 0.149,
    "beauty": {
      "symmetry": 0.536,
      "complexity": 0.792,
      "rhythm": 0.189,
      "colorHarmony": 0.767,
      "coverage": 0.467
    },
    "totalTicks": 200,
    "avgAge": 200,
    "correct": 8,
    "total": 8
  }
}