{
  "@context": "sevo://v1",
  "@type": "Fitness",
  "@id": "fitness-agent-life-v2-1775386935596-sevo-life-cycle-2-1775389975023",
  "timestamp": "2026-04-05T11:52:55.406Z",
  "agent": "agent:life-v2-1775386935596",
  "eqs": 0.29660000000000003,
  "accuracy": 1,
  "magnitude": 0.041000000000000036,
  "branchesExplored": 1,
  "predictionError": 1,
  "cycleId": "sevo-life-cycle-2-1775389975023",
  "context": {
    "fitness": 0.68,
    "branches": 1,
    "survivalRate": 1,
    "beautyScore": 0.495,
    "efficiency": 0.157,
    "beauty": {
      "symmetry": 0.344,
      "complexity": 0.904,
      "rhythm": 0.109,
      "colorHarmony": 0.72,
      "coverage": 0.354
    },
    "totalTicks": 200,
    "avgAge": 200,
    "correct": 8,
    "total": 8
  }
}