{
  "@context": "sevo://v1",
  "@type": "Fitness",
  "@id": "fitness-agent-life-v3-1775391566502-sevo-life-cycle-2-1775393968568",
  "timestamp": "2026-04-05T12:59:30.542Z",
  "agent": "agent:life-v3-1775391566502",
  "eqs": 0.31339999999999996,
  "accuracy": 1,
  "magnitude": 0.06299999999999994,
  "branchesExplored": 1,
  "predictionError": 1,
  "cycleId": "sevo-life-cycle-2-1775393968568",
  "context": {
    "fitness": 0.689,
    "branches": 1,
    "survivalRate": 1,
    "beautyScore": 0.53,
    "efficiency": 0.151,
    "beauty": {
      "symmetry": 0.639,
      "complexity": 0.773,
      "rhythm": 0.048,
      "colorHarmony": 0.733,
      "coverage": 0.383
    },
    "totalTicks": 200,
    "avgAge": 200,
    "correct": 8,
    "total": 8
  }
}