{
  "@context": "sevo://v1",
  "@type": "Fitness",
  "@id": "fitness-agent-life-v2-1775386935596-sevo-life-cycle-9-1775392545112",
  "timestamp": "2026-04-05T12:35:47.319Z",
  "agent": "agent:life-v2-1775386935596",
  "eqs": 0.29760000000000003,
  "accuracy": 1,
  "magnitude": 0.04200000000000004,
  "branchesExplored": 1,
  "predictionError": 1,
  "cycleId": "sevo-life-cycle-9-1775392545112",
  "context": {
    "fitness": 0.681,
    "branches": 1,
    "survivalRate": 1,
    "beautyScore": 0.502,
    "efficiency": 0.15,
    "beauty": {
      "symmetry": 0.341,
      "complexity": 0.893,
      "rhythm": 0.184,
      "colorHarmony": 0.72,
      "coverage": 0.325
    },
    "totalTicks": 200,
    "avgAge": 200,
    "correct": 8,
    "total": 8
  }
}