{
  "@context": "sevo://v1",
  "@type": "Fitness",
  "@id": "fitness-agent-life-v3-1775390014691-sevo-life-cycle-3-1775392912917",
  "timestamp": "2026-04-05T12:41:53.405Z",
  "agent": "agent:life-v3-1775390014691",
  "eqs": 0.31039999999999995,
  "accuracy": 1,
  "magnitude": 0.05799999999999994,
  "branchesExplored": 1,
  "predictionError": 1,
  "cycleId": "sevo-life-cycle-3-1775392912917",
  "context": {
    "fitness": 0.689,
    "branches": 1,
    "survivalRate": 1,
    "beautyScore": 0.535,
    "efficiency": 0.142,
    "beauty": {
      "symmetry": 0.588,
      "complexity": 0.763,
      "rhythm": 0.145,
      "colorHarmony": 0.72,
      "coverage": 0.404
    },
    "totalTicks": 200,
    "avgAge": 200,
    "correct": 8,
    "total": 8
  }
}