{
  "@context": "sevo://v1",
  "@type": "Fitness",
  "@id": "fitness-agent-life-v2-1775386935596-sevo-life-cycle-9-1775393328832",
  "timestamp": "2026-04-05T12:48:51.372Z",
  "agent": "agent:life-v2-1775386935596",
  "eqs": 0.31359999999999993,
  "accuracy": 1,
  "magnitude": 0.05799999999999994,
  "branchesExplored": 1,
  "predictionError": 1,
  "cycleId": "sevo-life-cycle-9-1775393328832",
  "context": {
    "fitness": 0.697,
    "branches": 1,
    "survivalRate": 1,
    "beautyScore": 0.551,
    "efficiency": 0.158,
    "beauty": {
      "symmetry": 0.465,
      "complexity": 0.905,
      "rhythm": 0.229,
      "colorHarmony": 0.72,
      "coverage": 0.367
    },
    "totalTicks": 200,
    "avgAge": 200,
    "correct": 8,
    "total": 8
  }
}