{
  "@context": "sevo://v1",
  "@type": "Fitness",
  "@id": "fitness-agent-life-v3-1775392671841-sevo-life-cycle-2-1775404330196",
  "timestamp": "2026-04-05T15:52:13.449Z",
  "agent": "agent:life-v3-1775392671841",
  "eqs": 0.28839999999999993,
  "accuracy": 1,
  "magnitude": 0.013999999999999901,
  "branchesExplored": 1,
  "predictionError": 1,
  "cycleId": "sevo-life-cycle-2-1775404330196",
  "context": {
    "fitness": 0.7,
    "branches": 1,
    "survivalRate": 1,
    "beautyScore": 0.565,
    "efficiency": 0.151,
    "beauty": {
      "symmetry": 0.593,
      "complexity": 0.811,
      "rhythm": 0.183,
      "colorHarmony": 0.72,
      "coverage": 0.467
    },
    "totalTicks": 200,
    "avgAge": 200,
    "correct": 8,
    "total": 8
  }
}