{
  "@context": "sevo://v1",
  "@type": "Fitness",
  "@id": "fitness-agent-life-v3-1775391566502-sevo-life-cycle-2-1775403715723",
  "timestamp": "2026-04-05T15:41:58.084Z",
  "agent": "agent:life-v3-1775391566502",
  "eqs": 0.31939999999999996,
  "accuracy": 1,
  "magnitude": 0.06899999999999995,
  "branchesExplored": 1,
  "predictionError": 1,
  "cycleId": "sevo-life-cycle-2-1775403715723",
  "context": {
    "fitness": 0.695,
    "branches": 1,
    "survivalRate": 1,
    "beautyScore": 0.554,
    "efficiency": 0.144,
    "beauty": {
      "symmetry": 0.566,
      "complexity": 0.81,
      "rhythm": 0.218,
      "colorHarmony": 0.72,
      "coverage": 0.392
    },
    "totalTicks": 200,
    "avgAge": 200,
    "correct": 8,
    "total": 8
  }
}