{
  "@context": "sevo://v1",
  "@type": "Fitness",
  "@id": "fitness-agent-life-v3-1775390091883-sevo-life-cycle-4-1775393738033",
  "timestamp": "2026-04-05T12:55:39.110Z",
  "agent": "agent:life-v3-1775390091883",
  "eqs": 0.3131999999999999,
  "accuracy": 1,
  "magnitude": 0.061999999999999944,
  "branchesExplored": 1,
  "predictionError": 1,
  "cycleId": "sevo-life-cycle-4-1775393738033",
  "context": {
    "fitness": 0.69,
    "branches": 1,
    "survivalRate": 1,
    "beautyScore": 0.528,
    "efficiency": 0.155,
    "beauty": {
      "symmetry": 0.468,
      "complexity": 0.908,
      "rhythm": 0.151,
      "colorHarmony": 0.72,
      "coverage": 0.308
    },
    "totalTicks": 200,
    "avgAge": 200,
    "correct": 8,
    "total": 8
  }
}