{
  "@context": "sevo://v1",
  "@type": "Fitness",
  "@id": "fitness-agent-life-v3-1775390014691-sevo-life-cycle-3-1775393993119",
  "timestamp": "2026-04-05T12:59:54.335Z",
  "agent": "agent:life-v3-1775390014691",
  "eqs": 0.31339999999999996,
  "accuracy": 1,
  "magnitude": 0.06099999999999994,
  "branchesExplored": 1,
  "predictionError": 1,
  "cycleId": "sevo-life-cycle-3-1775393993119",
  "context": {
    "fitness": 0.692,
    "branches": 1,
    "survivalRate": 1,
    "beautyScore": 0.539,
    "efficiency": 0.154,
    "beauty": {
      "symmetry": 0.525,
      "complexity": 0.868,
      "rhythm": 0.148,
      "colorHarmony": 0.683,
      "coverage": 0.388
    },
    "totalTicks": 200,
    "avgAge": 200,
    "correct": 8,
    "total": 8
  }
}