{
  "@context": "sevo://v1",
  "@type": "Fitness",
  "@id": "fitness-agent-life-v3-1775392671841-sevo-life-cycle-5-1775394427641",
  "timestamp": "2026-04-05T13:07:11.678Z",
  "agent": "agent:life-v3-1775392671841",
  "eqs": 0.2793999999999999,
  "accuracy": 1,
  "magnitude": 0.004999999999999893,
  "branchesExplored": 1,
  "predictionError": 1,
  "cycleId": "sevo-life-cycle-5-1775394427641",
  "context": {
    "fitness": 0.691,
    "branches": 1,
    "survivalRate": 1,
    "beautyScore": 0.538,
    "efficiency": 0.147,
    "beauty": {
      "symmetry": 0.44,
      "complexity": 0.921,
      "rhythm": 0.203,
      "colorHarmony": 0.72,
      "coverage": 0.329
    },
    "totalTicks": 200,
    "avgAge": 200,
    "correct": 8,
    "total": 8
  }
}