{
  "@context": "sevo://v1",
  "@type": "Fitness",
  "@id": "fitness-agent-life-v2-1775386935596-sevo-life-cycle-5-1775394634686",
  "timestamp": "2026-04-05T13:10:37.049Z",
  "agent": "agent:life-v2-1775386935596",
  "eqs": 0.31359999999999993,
  "accuracy": 1,
  "magnitude": 0.05799999999999994,
  "branchesExplored": 1,
  "predictionError": 1,
  "cycleId": "sevo-life-cycle-5-1775394634686",
  "context": {
    "fitness": 0.697,
    "branches": 1,
    "survivalRate": 1,
    "beautyScore": 0.556,
    "efficiency": 0.151,
    "beauty": {
      "symmetry": 0.513,
      "complexity": 0.882,
      "rhythm": 0.198,
      "colorHarmony": 0.72,
      "coverage": 0.4
    },
    "totalTicks": 200,
    "avgAge": 200,
    "correct": 8,
    "total": 8
  }
}