{
  "@context": "sevo://v1",
  "@type": "Fitness",
  "@id": "fitness-agent-life-v2-1775386725877-sevo-life-cycle-9-1775392807507",
  "timestamp": "2026-04-05T12:40:08.842Z",
  "agent": "agent:life-v2-1775386725877",
  "eqs": 0.2819999999999999,
  "accuracy": 1,
  "magnitude": 0.007999999999999896,
  "branchesExplored": 1,
  "predictionError": 1,
  "cycleId": "sevo-life-cycle-9-1775392807507",
  "context": {
    "fitness": 0.693,
    "branches": 1,
    "survivalRate": 1,
    "beautyScore": 0.539,
    "efficiency": 0.158,
    "beauty": {
      "symmetry": 0.479,
      "complexity": 0.879,
      "rhythm": 0.228,
      "colorHarmony": 0.72,
      "coverage": 0.308
    },
    "totalTicks": 200,
    "avgAge": 200,
    "correct": 8,
    "total": 8
  }
}