{
  "@context": "sevo://v1",
  "@type": "Fitness",
  "@id": "fitness-agent-life-v3-1775391792883-sevo-life-cycle-1-1775394075860",
  "timestamp": "2026-04-05T13:01:17.065Z",
  "agent": "agent:life-v3-1775391792883",
  "eqs": 0.28759999999999997,
  "accuracy": 1,
  "magnitude": 0.01200000000000001,
  "branchesExplored": 1,
  "predictionError": 1,
  "cycleId": "sevo-life-cycle-1-1775394075860",
  "context": {
    "fitness": 0.701,
    "branches": 1,
    "survivalRate": 1,
    "beautyScore": 0.566,
    "efficiency": 0.154,
    "beauty": {
      "symmetry": 0.551,
      "complexity": 0.838,
      "rhythm": 0.224,
      "colorHarmony": 0.72,
      "coverage": 0.442
    },
    "totalTicks": 200,
    "avgAge": 200,
    "correct": 8,
    "total": 8
  }
}