{
  "@context": "sevo://v1",
  "@type": "Fitness",
  "@id": "fitness-agent-life-v3-1775390961181-sevo-life-cycle-2-1775393155305",
  "timestamp": "2026-04-05T12:45:56.581Z",
  "agent": "agent:life-v3-1775390961181",
  "eqs": 0.2815999999999999,
  "accuracy": 1,
  "magnitude": 0.007999999999999896,
  "branchesExplored": 1,
  "predictionError": 1,
  "cycleId": "sevo-life-cycle-2-1775393155305",
  "context": {
    "fitness": 0.692,
    "branches": 1,
    "survivalRate": 1,
    "beautyScore": 0.545,
    "efficiency": 0.145,
    "beauty": {
      "symmetry": 0.511,
      "complexity": 0.908,
      "rhythm": 0.084,
      "colorHarmony": 0.72,
      "coverage": 0.433
    },
    "totalTicks": 200,
    "avgAge": 200,
    "correct": 8,
    "total": 8
  }
}