{
  "@context": "sevo://v1",
  "@type": "Fitness",
  "@id": "fitness-agent-life-v3-1775390918981-sevo-life-cycle-1-1775394917596",
  "timestamp": "2026-04-05T13:15:21.539Z",
  "agent": "agent:life-v3-1775390918981",
  "eqs": 0.29000000000000004,
  "accuracy": 1,
  "magnitude": 0.014000000000000012,
  "branchesExplored": 1,
  "predictionError": 1,
  "cycleId": "sevo-life-cycle-1-1775394917596",
  "context": {
    "fitness": 0.704,
    "branches": 1,
    "survivalRate": 1,
    "beautyScore": 0.579,
    "efficiency": 0.15,
    "beauty": {
      "symmetry": 0.617,
      "complexity": 0.851,
      "rhythm": 0.169,
      "colorHarmony": 0.767,
      "coverage": 0.421
    },
    "totalTicks": 200,
    "avgAge": 200,
    "correct": 8,
    "total": 8
  }
}