{
  "@context": "sevo://v1",
  "@type": "Fitness",
  "@id": "fitness-agent-life-v3-1775390091883-sevo-life-cycle-8-1775391997395",
  "timestamp": "2026-04-05T12:26:37.939Z",
  "agent": "agent:life-v3-1775390091883",
  "eqs": 0.31379999999999997,
  "accuracy": 1,
  "magnitude": 0.05899999999999994,
  "branchesExplored": 1,
  "predictionError": 1,
  "cycleId": "sevo-life-cycle-8-1775391997395",
  "context": {
    "fitness": 0.696,
    "branches": 1,
    "survivalRate": 1,
    "beautyScore": 0.554,
    "efficiency": 0.149,
    "beauty": {
      "symmetry": 0.584,
      "complexity": 0.91,
      "rhythm": 0.058,
      "colorHarmony": 0.72,
      "coverage": 0.404
    },
    "totalTicks": 200,
    "avgAge": 200,
    "correct": 8,
    "total": 8
  }
}