{
  "@context": "sevo://v1",
  "@type": "Fitness",
  "@id": "fitness-agent-life-v3-1775391566502-sevo-life-cycle-4-1775394762103",
  "timestamp": "2026-04-05T13:12:44.267Z",
  "agent": "agent:life-v3-1775391566502",
  "eqs": 0.32639999999999997,
  "accuracy": 1,
  "magnitude": 0.07599999999999996,
  "branchesExplored": 1,
  "predictionError": 1,
  "cycleId": "sevo-life-cycle-4-1775394762103",
  "context": {
    "fitness": 0.702,
    "branches": 1,
    "survivalRate": 1,
    "beautyScore": 0.57,
    "efficiency": 0.155,
    "beauty": {
      "symmetry": 0.609,
      "complexity": 0.821,
      "rhythm": 0.191,
      "colorHarmony": 0.72,
      "coverage": 0.442
    },
    "totalTicks": 200,
    "avgAge": 200,
    "correct": 8,
    "total": 8
  }
}