{
  "@context": "sevo://v1",
  "@type": "Fitness",
  "@id": "fitness-agent-life-v3-1775390014691-sevo-life-cycle-1-1775394690945",
  "timestamp": "2026-04-05T13:11:31.943Z",
  "agent": "agent:life-v3-1775390014691",
  "eqs": 0.30140000000000006,
  "accuracy": 1,
  "magnitude": 0.049000000000000044,
  "branchesExplored": 1,
  "predictionError": 1,
  "cycleId": "sevo-life-cycle-1-1775394690945",
  "context": {
    "fitness": 0.68,
    "branches": 1,
    "survivalRate": 1,
    "beautyScore": 0.507,
    "efficiency": 0.141,
    "beauty": {
      "symmetry": 0.468,
      "complexity": 0.889,
      "rhythm": 0.025,
      "colorHarmony": 0.683,
      "coverage": 0.404
    },
    "totalTicks": 200,
    "avgAge": 200,
    "correct": 8,
    "total": 8
  }
}