{
  "@context": "sevo://v1",
  "@type": "Fitness",
  "@id": "fitness-agent-life-v3-1775390961181-sevo-life-cycle-10-1775392309716",
  "timestamp": "2026-04-05T12:31:50.832Z",
  "agent": "agent:life-v3-1775390961181",
  "eqs": 0.31139999999999995,
  "accuracy": 1,
  "magnitude": 0.05499999999999994,
  "branchesExplored": 1,
  "predictionError": 1,
  "cycleId": "sevo-life-cycle-10-1775392309716",
  "context": {
    "fitness": 0.696,
    "branches": 1,
    "survivalRate": 1,
    "beautyScore": 0.557,
    "efficiency": 0.145,
    "beauty": {
      "symmetry": 0.626,
      "complexity": 0.815,
      "rhythm": 0.118,
      "colorHarmony": 0.72,
      "coverage": 0.438
    },
    "totalTicks": 200,
    "avgAge": 200,
    "correct": 8,
    "total": 8
  }
}