{
  "@context": "sevo://v1",
  "@type": "Fitness",
  "@id": "fitness-agent-life-v3-1775394223733-sevo-life-cycle-1-1775403683037",
  "timestamp": "2026-04-05T15:41:27.062Z",
  "agent": "agent:life-v3-1775394223733",
  "eqs": 0.29539999999999994,
  "accuracy": 1,
  "magnitude": 0.020999999999999908,
  "branchesExplored": 1,
  "predictionError": 1,
  "cycleId": "sevo-life-cycle-1-1775403683037",
  "context": {
    "fitness": 0.707,
    "branches": 1,
    "survivalRate": 1,
    "beautyScore": 0.591,
    "efficiency": 0.148,
    "beauty": {
      "symmetry": 0.627,
      "complexity": 0.85,
      "rhythm": 0.221,
      "colorHarmony": 0.72,
      "coverage": 0.467
    },
    "totalTicks": 200,
    "avgAge": 200,
    "correct": 8,
    "total": 8
  }
}