{
  "@context": "sevo://v1",
  "@type": "Fitness",
  "@id": "fitness-agent-life-v3-1775394223733-sevo-life-cycle-4-1775394762103",
  "timestamp": "2026-04-05T13:12:44.650Z",
  "agent": "agent:life-v3-1775394223733",
  "eqs": 0.2773999999999999,
  "accuracy": 1,
  "magnitude": 0.0029999999999998916,
  "branchesExplored": 1,
  "predictionError": 1,
  "cycleId": "sevo-life-cycle-4-1775394762103",
  "context": {
    "fitness": 0.689,
    "branches": 1,
    "survivalRate": 1,
    "beautyScore": 0.529,
    "efficiency": 0.149,
    "beauty": {
      "symmetry": 0.49,
      "complexity": 0.872,
      "rhythm": 0.117,
      "colorHarmony": 0.72,
      "coverage": 0.379
    },
    "totalTicks": 200,
    "avgAge": 200,
    "correct": 8,
    "total": 8
  }
}