{
  "@context": "sevo://v1",
  "@type": "Fitness",
  "@id": "fitness-agent-life-v3-1775390014691-sevo-life-cycle-3-1775404842507",
  "timestamp": "2026-04-05T16:00:43.610Z",
  "agent": "agent:life-v3-1775390014691",
  "eqs": 0.31939999999999996,
  "accuracy": 1,
  "magnitude": 0.06699999999999995,
  "branchesExplored": 1,
  "predictionError": 1,
  "cycleId": "sevo-life-cycle-3-1775404842507",
  "context": {
    "fitness": 0.698,
    "branches": 1,
    "survivalRate": 1,
    "beautyScore": 0.557,
    "efficiency": 0.154,
    "beauty": {
      "symmetry": 0.563,
      "complexity": 0.842,
      "rhythm": 0.195,
      "colorHarmony": 0.72,
      "coverage": 0.392
    },
    "totalTicks": 200,
    "avgAge": 200,
    "correct": 8,
    "total": 8
  }
}