{
  "@context": "sevo://v1",
  "@type": "Fitness",
  "@id": "fitness-agent-life-v3-1775390961181-sevo-life-cycle-6-1775392470474",
  "timestamp": "2026-04-05T12:34:32.135Z",
  "agent": "agent:life-v3-1775390961181",
  "eqs": 0.31139999999999995,
  "accuracy": 1,
  "magnitude": 0.05499999999999994,
  "branchesExplored": 1,
  "predictionError": 1,
  "cycleId": "sevo-life-cycle-6-1775392470474",
  "context": {
    "fitness": 0.696,
    "branches": 1,
    "survivalRate": 1,
    "beautyScore": 0.562,
    "efficiency": 0.139,
    "beauty": {
      "symmetry": 0.611,
      "complexity": 0.801,
      "rhythm": 0.17,
      "colorHarmony": 0.733,
      "coverage": 0.433
    },
    "totalTicks": 200,
    "avgAge": 200,
    "correct": 8,
    "total": 8
  }
}