{
  "@context": "sevo://v1",
  "@type": "Fitness",
  "@id": "fitness-agent-life-v2-1775386935596-sevo-life-cycle-8-1775391509041",
  "timestamp": "2026-04-05T12:18:29.686Z",
  "agent": "agent:life-v2-1775386935596",
  "eqs": 0.2986000000000001,
  "accuracy": 1,
  "magnitude": 0.04300000000000004,
  "branchesExplored": 1,
  "predictionError": 1,
  "cycleId": "sevo-life-cycle-8-1775391509041",
  "context": {
    "fitness": 0.682,
    "branches": 1,
    "survivalRate": 1,
    "beautyScore": 0.509,
    "efficiency": 0.146,
    "beauty": {
      "symmetry": 0.36,
      "complexity": 0.971,
      "rhythm": 0.141,
      "colorHarmony": 0.72,
      "coverage": 0.267
    },
    "totalTicks": 200,
    "avgAge": 200,
    "correct": 8,
    "total": 8
  }
}