{
  "@context": "sevo://v1",
  "@type": "Fitness",
  "@id": "fitness-agent-life-v3-1775391566502-sevo-life-cycle-10-1775392573440",
  "timestamp": "2026-04-05T12:36:15.405Z",
  "agent": "agent:life-v3-1775391566502",
  "eqs": 0.32139999999999996,
  "accuracy": 1,
  "magnitude": 0.07099999999999995,
  "branchesExplored": 1,
  "predictionError": 1,
  "cycleId": "sevo-life-cycle-10-1775392573440",
  "context": {
    "fitness": 0.697,
    "branches": 1,
    "survivalRate": 1,
    "beautyScore": 0.561,
    "efficiency": 0.143,
    "beauty": {
      "symmetry": 0.539,
      "complexity": 0.874,
      "rhythm": 0.182,
      "colorHarmony": 0.683,
      "coverage": 0.458
    },
    "totalTicks": 200,
    "avgAge": 200,
    "correct": 8,
    "total": 8
  }
}