{
  "@context": "sevo://v1",
  "@type": "Fitness",
  "@id": "fitness-agent-life-v3-1775390091883-sevo-life-cycle-2-1775390584586",
  "timestamp": "2026-04-05T12:03:04.919Z",
  "agent": "agent:life-v3-1775390091883",
  "eqs": 0.2869999999999999,
  "accuracy": 1,
  "magnitude": 0.0129999999999999,
  "branchesExplored": 1,
  "predictionError": 1,
  "cycleId": "sevo-life-cycle-2-1775390584586",
  "context": {
    "fitness": 0.698,
    "branches": 1,
    "survivalRate": 1,
    "beautyScore": 0.568,
    "efficiency": 0.138,
    "beauty": {
      "symmetry": 0.566,
      "complexity": 0.88,
      "rhythm": 0.112,
      "colorHarmony": 0.72,
      "coverage": 0.508
    },
    "totalTicks": 200,
    "avgAge": 200,
    "correct": 8,
    "total": 8
  }
}