{
  "@context": "sevo://v1",
  "@type": "Fitness",
  "@id": "fitness-agent-life-v3-1775390918981-sevo-life-cycle-4-1775394599291",
  "timestamp": "2026-04-05T13:10:04.216Z",
  "agent": "agent:life-v3-1775390918981",
  "eqs": 0.28099999999999997,
  "accuracy": 1,
  "magnitude": 0.0050000000000000044,
  "branchesExplored": 1,
  "predictionError": 1,
  "cycleId": "sevo-life-cycle-4-1775394599291",
  "context": {
    "fitness": 0.695,
    "branches": 1,
    "survivalRate": 1,
    "beautyScore": 0.555,
    "efficiency": 0.143,
    "beauty": {
      "symmetry": 0.471,
      "complexity": 0.95,
      "rhythm": 0.198,
      "colorHarmony": 0.72,
      "coverage": 0.346
    },
    "totalTicks": 200,
    "avgAge": 200,
    "correct": 8,
    "total": 8
  }
}