{
  "@context": "sevo://v1",
  "@type": "Fitness",
  "@id": "fitness-agent-life-v3-1775391792883-sevo-life-cycle-1-1775392860137",
  "timestamp": "2026-04-05T12:41:00.948Z",
  "agent": "agent:life-v3-1775391792883",
  "eqs": 0.32719999999999994,
  "accuracy": 1,
  "magnitude": 0.07799999999999996,
  "branchesExplored": 1,
  "predictionError": 1,
  "cycleId": "sevo-life-cycle-1-1775392860137",
  "context": {
    "fitness": 0.701,
    "branches": 1,
    "survivalRate": 1,
    "beautyScore": 0.573,
    "efficiency": 0.147,
    "beauty": {
      "symmetry": 0.625,
      "complexity": 0.836,
      "rhythm": 0.217,
      "colorHarmony": 0.72,
      "coverage": 0.379
    },
    "totalTicks": 200,
    "avgAge": 200,
    "correct": 8,
    "total": 8
  }
}