{
  "@context": "sevo://v1",
  "@type": "Fitness",
  "@id": "fitness-agent-life-v3-1775390961181-sevo-life-cycle-2-1775394098350",
  "timestamp": "2026-04-05T13:01:39.960Z",
  "agent": "agent:life-v3-1775390961181",
  "eqs": 0.2955999999999999,
  "accuracy": 1,
  "magnitude": 0.02199999999999991,
  "branchesExplored": 1,
  "predictionError": 1,
  "cycleId": "sevo-life-cycle-2-1775394098350",
  "context": {
    "fitness": 0.706,
    "branches": 1,
    "survivalRate": 1,
    "beautyScore": 0.577,
    "efficiency": 0.162,
    "beauty": {
      "symmetry": 0.554,
      "complexity": 0.924,
      "rhythm": 0.272,
      "colorHarmony": 0.72,
      "coverage": 0.304
    },
    "totalTicks": 200,
    "avgAge": 200,
    "correct": 8,
    "total": 8
  }
}