{
  "@context": "sevo://v1",
  "@type": "Fitness",
  "@id": "fitness-agent-life-v2-1775386935596-sevo-life-cycle-4-1775389573180",
  "timestamp": "2026-04-05T11:46:13.495Z",
  "agent": "agent:life-v2-1775386935596",
  "eqs": 0.30939999999999995,
  "accuracy": 1,
  "magnitude": 0.05699999999999994,
  "branchesExplored": 1,
  "predictionError": 1,
  "cycleId": "sevo-life-cycle-4-1775389573180",
  "context": {
    "fitness": 0.688,
    "branches": 1,
    "survivalRate": 1,
    "beautyScore": 0.526,
    "efficiency": 0.152,
    "beauty": {
      "symmetry": 0.451,
      "complexity": 0.874,
      "rhythm": 0.159,
      "colorHarmony": 0.72,
      "coverage": 0.363
    },
    "totalTicks": 200,
    "avgAge": 200,
    "correct": 8,
    "total": 8
  }
}