{
  "@context": "sevo://v1",
  "@type": "Fitness",
  "@id": "fitness-agent-life-v3-1775391792883-sevo-life-cycle-9-1775393072571",
  "timestamp": "2026-04-05T12:44:33.353Z",
  "agent": "agent:life-v3-1775391792883",
  "eqs": 0.25220000000000004,
  "accuracy": 1,
  "magnitude": 0.0030000000000000027,
  "branchesExplored": 1,
  "predictionError": 1,
  "cycleId": "sevo-life-cycle-9-1775393072571",
  "context": {
    "fitness": 0.626,
    "branches": 1,
    "survivalRate": 0.875,
    "beautyScore": 0.538,
    "efficiency": 0.137,
    "beauty": {
      "symmetry": 0.526,
      "complexity": 0.812,
      "rhythm": 0.213,
      "colorHarmony": 0.72,
      "coverage": 0.35
    },
    "totalTicks": 200,
    "avgAge": 189,
    "correct": 7,
    "total": 8
  }
}