{
  "@context": "sevo://v1",
  "@type": "Fitness",
  "@id": "fitness-agent-life-v3-1775390014691-sevo-life-cycle-2-1775404070774",
  "timestamp": "2026-04-05T15:47:51.642Z",
  "agent": "agent:life-v3-1775390014691",
  "eqs": 0.31839999999999996,
  "accuracy": 1,
  "magnitude": 0.06599999999999995,
  "branchesExplored": 1,
  "predictionError": 1,
  "cycleId": "sevo-life-cycle-2-1775404070774",
  "context": {
    "fitness": 0.697,
    "branches": 1,
    "survivalRate": 1,
    "beautyScore": 0.555,
    "efficiency": 0.153,
    "beauty": {
      "symmetry": 0.539,
      "complexity": 0.898,
      "rhythm": 0.132,
      "colorHarmony": 0.767,
      "coverage": 0.363
    },
    "totalTicks": 200,
    "avgAge": 200,
    "correct": 8,
    "total": 8
  }
}