{
  "@context": "sevo://v1",
  "@type": "Fitness",
  "@id": "fitness-agent-life-v3-1775390918981-sevo-life-cycle-2-1775403893482",
  "timestamp": "2026-04-05T15:44:57.719Z",
  "agent": "agent:life-v3-1775390918981",
  "eqs": 0.27799999999999997,
  "accuracy": 1,
  "magnitude": 0.0020000000000000018,
  "branchesExplored": 1,
  "predictionError": 1,
  "cycleId": "sevo-life-cycle-2-1775403893482",
  "context": {
    "fitness": 0.692,
    "branches": 1,
    "survivalRate": 1,
    "beautyScore": 0.535,
    "efficiency": 0.155,
    "beauty": {
      "symmetry": 0.514,
      "complexity": 0.817,
      "rhythm": 0.146,
      "colorHarmony": 0.72,
      "coverage": 0.433
    },
    "totalTicks": 200,
    "avgAge": 200,
    "correct": 8,
    "total": 8
  }
}