{
  "@context": "sevo://v1",
  "@type": "Fitness",
  "@id": "fitness-agent-life-v2-1775386725877-sevo-life-cycle-4-1775392150503",
  "timestamp": "2026-04-05T12:29:11.776Z",
  "agent": "agent:life-v2-1775386725877",
  "eqs": 0.2839999999999999,
  "accuracy": 1,
  "magnitude": 0.009999999999999898,
  "branchesExplored": 1,
  "predictionError": 1,
  "cycleId": "sevo-life-cycle-4-1775392150503",
  "context": {
    "fitness": 0.695,
    "branches": 1,
    "survivalRate": 1,
    "beautyScore": 0.55,
    "efficiency": 0.15,
    "beauty": {
      "symmetry": 0.489,
      "complexity": 0.892,
      "rhythm": 0.234,
      "colorHarmony": 0.72,
      "coverage": 0.333
    },
    "totalTicks": 200,
    "avgAge": 200,
    "correct": 8,
    "total": 8
  }
}