{
  "@context": "sevo://v1",
  "@type": "Fitness",
  "@id": "fitness-agent-life-v3-1775389645056-sevo-life-cycle-2-1775391106597",
  "timestamp": "2026-04-05T12:11:47.152Z",
  "agent": "agent:life-v3-1775389645056",
  "eqs": 0.30999999999999994,
  "accuracy": 1,
  "magnitude": 0.05799999999999994,
  "branchesExplored": 1,
  "predictionError": 1,
  "cycleId": "sevo-life-cycle-2-1775391106597",
  "context": {
    "fitness": 0.688,
    "branches": 1,
    "survivalRate": 1,
    "beautyScore": 0.527,
    "efficiency": 0.151,
    "beauty": {
      "symmetry": 0.444,
      "complexity": 0.89,
      "rhythm": 0.087,
      "colorHarmony": 0.767,
      "coverage": 0.408
    },
    "totalTicks": 200,
    "avgAge": 200,
    "correct": 8,
    "total": 8
  }
}