{
  "@context": "sevo://v1",
  "@type": "Fitness",
  "@id": "fitness-agent-life-v3-1775390846762-sevo-life-cycle-3-1775403920183",
  "timestamp": "2026-04-05T15:45:20.886Z",
  "agent": "agent:life-v3-1775390846762",
  "eqs": 0.32239999999999996,
  "accuracy": 1,
  "magnitude": 0.06799999999999995,
  "branchesExplored": 1,
  "predictionError": 1,
  "cycleId": "sevo-life-cycle-3-1775403920183",
  "context": {
    "fitness": 0.704,
    "branches": 1,
    "survivalRate": 1,
    "beautyScore": 0.584,
    "efficiency": 0.143,
    "beauty": {
      "symmetry": 0.685,
      "complexity": 0.811,
      "rhythm": 0.14,
      "colorHarmony": 0.72,
      "coverage": 0.492
    },
    "totalTicks": 200,
    "avgAge": 200,
    "correct": 8,
    "total": 8
  }
}