{
  "@context": "sevo://v1",
  "@type": "Fitness",
  "@id": "fitness-agent-life-v3-1775394223733-sevo-life-cycle-4-1775404120765",
  "timestamp": "2026-04-05T15:48:43.804Z",
  "agent": "agent:life-v3-1775394223733",
  "eqs": 0.28939999999999994,
  "accuracy": 1,
  "magnitude": 0.014999999999999902,
  "branchesExplored": 1,
  "predictionError": 1,
  "cycleId": "sevo-life-cycle-4-1775404120765",
  "context": {
    "fitness": 0.701,
    "branches": 1,
    "survivalRate": 1,
    "beautyScore": 0.568,
    "efficiency": 0.152,
    "beauty": {
      "symmetry": 0.642,
      "complexity": 0.804,
      "rhythm": 0.115,
      "colorHarmony": 0.72,
      "coverage": 0.503
    },
    "totalTicks": 200,
    "avgAge": 200,
    "correct": 8,
    "total": 8
  }
}