{
  "@context": "sevo://v1",
  "@type": "Fitness",
  "@id": "fitness-agent-life-v4-1775390039877-sevo-life-cycle-3-1775393993119",
  "timestamp": "2026-04-05T12:59:55.664Z",
  "agent": "agent:life-v4-1775390039877",
  "eqs": 0.28340000000000004,
  "accuracy": 1,
  "magnitude": 0.0030000000000000027,
  "branchesExplored": 1,
  "predictionError": 1,
  "cycleId": "sevo-life-cycle-3-1775393993119",
  "context": {
    "fitness": 0.704,
    "branches": 1,
    "survivalRate": 1,
    "beautyScore": 0.579,
    "efficiency": 0.15,
    "beauty": {
      "symmetry": 0.669,
      "complexity": 0.813,
      "rhythm": 0.151,
      "colorHarmony": 0.72,
      "coverage": 0.471
    },
    "totalTicks": 200,
    "avgAge": 200,
    "correct": 8,
    "total": 8
  }
}