{
  "@context": "sevo://v1",
  "@type": "Fitness",
  "@id": "fitness-agent-life-v3-1775390961181-sevo-life-cycle-1-1775393808173",
  "timestamp": "2026-04-05T12:56:49.863Z",
  "agent": "agent:life-v3-1775390961181",
  "eqs": 0.29259999999999997,
  "accuracy": 1,
  "magnitude": 0.018999999999999906,
  "branchesExplored": 1,
  "predictionError": 1,
  "cycleId": "sevo-life-cycle-1-1775393808173",
  "context": {
    "fitness": 0.703,
    "branches": 1,
    "survivalRate": 1,
    "beautyScore": 0.574,
    "efficiency": 0.154,
    "beauty": {
      "symmetry": 0.582,
      "complexity": 0.829,
      "rhythm": 0.231,
      "colorHarmony": 0.72,
      "coverage": 0.45
    },
    "totalTicks": 200,
    "avgAge": 200,
    "correct": 8,
    "total": 8
  }
}