{
  "@context": "sevo://v1",
  "@type": "Fitness",
  "@id": "fitness-agent-life-v3-1775390961181-sevo-life-cycle-1-1775395075274",
  "timestamp": "2026-04-05T13:17:57.315Z",
  "agent": "agent:life-v3-1775390961181",
  "eqs": 0.28859999999999997,
  "accuracy": 1,
  "magnitude": 0.014999999999999902,
  "branchesExplored": 1,
  "predictionError": 1,
  "cycleId": "sevo-life-cycle-1-1775395075274",
  "context": {
    "fitness": 0.699,
    "branches": 1,
    "survivalRate": 1,
    "beautyScore": 0.556,
    "efficiency": 0.16,
    "beauty": {
      "symmetry": 0.662,
      "complexity": 0.746,
      "rhythm": 0.104,
      "colorHarmony": 0.72,
      "coverage": 0.501
    },
    "totalTicks": 200,
    "avgAge": 200,
    "correct": 8,
    "total": 8
  }
}