{
  "@context": "sevo://v1",
  "@type": "Fitness",
  "@id": "fitness-agent-life-v3-1775392671841-sevo-life-cycle-2-1775403715723",
  "timestamp": "2026-04-05T15:41:58.644Z",
  "agent": "agent:life-v3-1775392671841",
  "eqs": 0.28839999999999993,
  "accuracy": 1,
  "magnitude": 0.013999999999999901,
  "branchesExplored": 1,
  "predictionError": 1,
  "cycleId": "sevo-life-cycle-2-1775403715723",
  "context": {
    "fitness": 0.7,
    "branches": 1,
    "survivalRate": 1,
    "beautyScore": 0.568,
    "efficiency": 0.147,
    "beauty": {
      "symmetry": 0.618,
      "complexity": 0.845,
      "rhythm": 0.099,
      "colorHarmony": 0.72,
      "coverage": 0.496
    },
    "totalTicks": 200,
    "avgAge": 200,
    "correct": 8,
    "total": 8
  }
}