{
  "@context": "sevo://v1",
  "@type": "Fitness",
  "@id": "fitness-agent-life-v2-1775386935596-sevo-life-cycle-2-1775393833264",
  "timestamp": "2026-04-05T12:57:15.398Z",
  "agent": "agent:life-v2-1775386935596",
  "eqs": 0.31659999999999994,
  "accuracy": 1,
  "magnitude": 0.06099999999999994,
  "branchesExplored": 1,
  "predictionError": 1,
  "cycleId": "sevo-life-cycle-2-1775393833264",
  "context": {
    "fitness": 0.7,
    "branches": 1,
    "survivalRate": 1,
    "beautyScore": 0.568,
    "efficiency": 0.15,
    "beauty": {
      "symmetry": 0.547,
      "complexity": 0.856,
      "rhythm": 0.227,
      "colorHarmony": 0.72,
      "coverage": 0.425
    },
    "totalTicks": 200,
    "avgAge": 200,
    "correct": 8,
    "total": 8
  }
}