{
  "@context": "sevo://v1",
  "@type": "Fitness",
  "@id": "fitness-agent-life-v3-1775390846762-sevo-life-cycle-1-1775393130326",
  "timestamp": "2026-04-05T12:45:30.700Z",
  "agent": "agent:life-v3-1775390846762",
  "eqs": 0.30939999999999995,
  "accuracy": 1,
  "magnitude": 0.05499999999999994,
  "branchesExplored": 1,
  "predictionError": 1,
  "cycleId": "sevo-life-cycle-1-1775393130326",
  "context": {
    "fitness": 0.691,
    "branches": 1,
    "survivalRate": 1,
    "beautyScore": 0.538,
    "efficiency": 0.149,
    "beauty": {
      "symmetry": 0.494,
      "complexity": 0.831,
      "rhythm": 0.179,
      "colorHarmony": 0.72,
      "coverage": 0.421
    },
    "totalTicks": 200,
    "avgAge": 200,
    "correct": 8,
    "total": 8
  }
}