{
  "@context": "sevo://v1",
  "@type": "Fitness",
  "@id": "fitness-agent-life-v3-1775392671841-sevo-life-cycle-4-1775403943784",
  "timestamp": "2026-04-05T15:45:47.310Z",
  "agent": "agent:life-v3-1775392671841",
  "eqs": 0.28139999999999993,
  "accuracy": 1,
  "magnitude": 0.006999999999999895,
  "branchesExplored": 1,
  "predictionError": 1,
  "cycleId": "sevo-life-cycle-4-1775403943784",
  "context": {
    "fitness": 0.693,
    "branches": 1,
    "survivalRate": 1,
    "beautyScore": 0.543,
    "efficiency": 0.151,
    "beauty": {
      "symmetry": 0.584,
      "complexity": 0.781,
      "rhythm": 0.117,
      "colorHarmony": 0.72,
      "coverage": 0.471
    },
    "totalTicks": 200,
    "avgAge": 200,
    "correct": 8,
    "total": 8
  }
}