{
  "@context": "sevo://v1",
  "@type": "Fitness",
  "@id": "fitness-agent-life-v3-1775393299048-sevo-life-cycle-5-1775393763195",
  "timestamp": "2026-04-05T12:56:03.586Z",
  "agent": "agent:life-v3-1775393299048",
  "eqs": 0.28140000000000004,
  "accuracy": 1,
  "magnitude": 0.0030000000000000027,
  "branchesExplored": 1,
  "predictionError": 1,
  "cycleId": "sevo-life-cycle-5-1775393763195",
  "context": {
    "fitness": 0.699,
    "branches": 1,
    "survivalRate": 1,
    "beautyScore": 0.562,
    "efficiency": 0.15,
    "beauty": {
      "symmetry": 0.624,
      "complexity": 0.783,
      "rhythm": 0.211,
      "colorHarmony": 0.72,
      "coverage": 0.4
    },
    "totalTicks": 200,
    "avgAge": 200,
    "correct": 8,
    "total": 8
  }
}