{
  "@context": "sevo://v1",
  "@type": "Fitness",
  "@id": "fitness-agent-life-v3-1775404376078-sevo-life-cycle-5-1775404568489",
  "timestamp": "2026-04-05T15:56:12.429Z",
  "agent": "agent:life-v3-1775404376078",
  "eqs": 0.31179999999999997,
  "accuracy": 1,
  "magnitude": 0.05899999999999994,
  "branchesExplored": 1,
  "predictionError": 1,
  "cycleId": "sevo-life-cycle-5-1775404568489",
  "context": {
    "fitness": 0.691,
    "branches": 1,
    "survivalRate": 1,
    "beautyScore": 0.536,
    "efficiency": 0.152,
    "beauty": {
      "symmetry": 0.442,
      "complexity": 0.869,
      "rhythm": 0.175,
      "colorHarmony": 0.72,
      "coverage": 0.438
    },
    "totalTicks": 200,
    "avgAge": 200,
    "correct": 8,
    "total": 8
  }
}