{
  "@context": "sevo://v1",
  "@type": "Fitness",
  "@id": "fitness-agent-life-v3-1775390091883-sevo-life-cycle-9-1775392807507",
  "timestamp": "2026-04-05T12:40:08.125Z",
  "agent": "agent:life-v3-1775390091883",
  "eqs": 0.26120000000000004,
  "accuracy": 1,
  "magnitude": 0.010000000000000009,
  "branchesExplored": 1,
  "predictionError": 1,
  "cycleId": "sevo-life-cycle-9-1775392807507",
  "context": {
    "fitness": 0.638,
    "branches": 1,
    "survivalRate": 0.875,
    "beautyScore": 0.578,
    "efficiency": 0.135,
    "beauty": {
      "symmetry": 0.612,
      "complexity": 0.919,
      "rhythm": 0.193,
      "colorHarmony": 0.72,
      "coverage": 0.321
    },
    "totalTicks": 200,
    "avgAge": 188,
    "correct": 7,
    "total": 8
  }
}