{
  "@context": "sevo://v1",
  "@type": "Fitness",
  "@id": "fitness-agent-life-v3-1775390961181-sevo-life-cycle-2-1775405001426",
  "timestamp": "2026-04-05T16:03:23.956Z",
  "agent": "agent:life-v3-1775390961181",
  "eqs": 0.28259999999999996,
  "accuracy": 1,
  "magnitude": 0.008999999999999897,
  "branchesExplored": 1,
  "predictionError": 1,
  "cycleId": "sevo-life-cycle-2-1775405001426",
  "context": {
    "fitness": 0.693,
    "branches": 1,
    "survivalRate": 1,
    "beautyScore": 0.539,
    "efficiency": 0.157,
    "beauty": {
      "symmetry": 0.524,
      "complexity": 0.831,
      "rhythm": 0.133,
      "colorHarmony": 0.72,
      "coverage": 0.438
    },
    "totalTicks": 200,
    "avgAge": 200,
    "correct": 8,
    "total": 8
  }
}