{
  "@context": "sevo://v1",
  "@type": "Fitness",
  "@id": "fitness-agent-life-v3-1775390014691-sevo-life-cycle-2-1775394227123",
  "timestamp": "2026-04-05T13:03:47.971Z",
  "agent": "agent:life-v3-1775390014691",
  "eqs": 0.30440000000000006,
  "accuracy": 1,
  "magnitude": 0.052000000000000046,
  "branchesExplored": 1,
  "predictionError": 1,
  "cycleId": "sevo-life-cycle-2-1775394227123",
  "context": {
    "fitness": 0.683,
    "branches": 1,
    "survivalRate": 1,
    "beautyScore": 0.509,
    "efficiency": 0.151,
    "beauty": {
      "symmetry": 0.433,
      "complexity": 0.826,
      "rhythm": 0.233,
      "colorHarmony": 0.72,
      "coverage": 0.263
    },
    "totalTicks": 200,
    "avgAge": 200,
    "correct": 8,
    "total": 8
  }
}