{
  "@context": "sevo://v1",
  "@type": "Fitness",
  "@id": "fitness-agent-life-v3-1775392671841-sevo-life-cycle-1-1775395075274",
  "timestamp": "2026-04-05T13:17:58.570Z",
  "agent": "agent:life-v3-1775392671841",
  "eqs": 0.29239999999999994,
  "accuracy": 1,
  "magnitude": 0.017999999999999905,
  "branchesExplored": 1,
  "predictionError": 1,
  "cycleId": "sevo-life-cycle-1-1775395075274",
  "context": {
    "fitness": 0.704,
    "branches": 1,
    "survivalRate": 1,
    "beautyScore": 0.575,
    "efficiency": 0.157,
    "beauty": {
      "symmetry": 0.615,
      "complexity": 0.845,
      "rhythm": 0.166,
      "colorHarmony": 0.72,
      "coverage": 0.458
    },
    "totalTicks": 200,
    "avgAge": 200,
    "correct": 8,
    "total": 8
  }
}