{
  "@context": "sevo://v1",
  "@type": "Fitness",
  "@id": "fitness-agent-life-v3-1775390961181-sevo-life-cycle-1-1775404304767",
  "timestamp": "2026-04-05T15:51:47.111Z",
  "agent": "agent:life-v3-1775390961181",
  "eqs": 0.28759999999999997,
  "accuracy": 1,
  "magnitude": 0.013999999999999901,
  "branchesExplored": 1,
  "predictionError": 1,
  "cycleId": "sevo-life-cycle-1-1775404304767",
  "context": {
    "fitness": 0.698,
    "branches": 1,
    "survivalRate": 1,
    "beautyScore": 0.553,
    "efficiency": 0.158,
    "beauty": {
      "symmetry": 0.523,
      "complexity": 0.904,
      "rhythm": 0.114,
      "colorHarmony": 0.72,
      "coverage": 0.438
    },
    "totalTicks": 200,
    "avgAge": 200,
    "correct": 8,
    "total": 8
  }
}