{
  "@context": "sevo://v1",
  "@type": "Fitness",
  "@id": "fitness-agent-life-v2-1775386725877-sevo-life-cycle-5-1775395015084",
  "timestamp": "2026-04-05T13:16:57.130Z",
  "agent": "agent:life-v2-1775386725877",
  "eqs": 0.28099999999999997,
  "accuracy": 1,
  "magnitude": 0.0010000000000000009,
  "branchesExplored": 1,
  "predictionError": 1,
  "cycleId": "sevo-life-cycle-5-1775395015084",
  "context": {
    "fitness": 0.701,
    "branches": 1,
    "survivalRate": 1,
    "beautyScore": 0.567,
    "efficiency": 0.154,
    "beauty": {
      "symmetry": 0.476,
      "complexity": 0.949,
      "rhythm": 0.281,
      "colorHarmony": 0.72,
      "coverage": 0.308
    },
    "totalTicks": 200,
    "avgAge": 200,
    "correct": 8,
    "total": 8
  }
}