{
  "@context": "sevo://v1",
  "@type": "Fitness",
  "@id": "fitness-agent-life-v3-1775390846762-sevo-life-cycle-3-1775394249760",
  "timestamp": "2026-04-05T13:04:10.337Z",
  "agent": "agent:life-v3-1775390846762",
  "eqs": 0.30340000000000006,
  "accuracy": 1,
  "magnitude": 0.049000000000000044,
  "branchesExplored": 1,
  "predictionError": 1,
  "cycleId": "sevo-life-cycle-3-1775394249760",
  "context": {
    "fitness": 0.685,
    "branches": 1,
    "survivalRate": 1,
    "beautyScore": 0.52,
    "efficiency": 0.143,
    "beauty": {
      "symmetry": 0.454,
      "complexity": 0.902,
      "rhythm": 0.158,
      "colorHarmony": 0.72,
      "coverage": 0.279
    },
    "totalTicks": 200,
    "avgAge": 200,
    "correct": 8,
    "total": 8
  }
}