{
  "@context": "sevo://v1",
  "@type": "Fitness",
  "@id": "fitness-agent-life-v3-1775391792883-sevo-life-cycle-5-1775392442875",
  "timestamp": "2026-04-05T12:34:03.570Z",
  "agent": "agent:life-v3-1775391792883",
  "eqs": 0.3171999999999999,
  "accuracy": 1,
  "magnitude": 0.06799999999999995,
  "branchesExplored": 1,
  "predictionError": 1,
  "cycleId": "sevo-life-cycle-5-1775392442875",
  "context": {
    "fitness": 0.691,
    "branches": 1,
    "survivalRate": 1,
    "beautyScore": 0.539,
    "efficiency": 0.146,
    "beauty": {
      "symmetry": 0.531,
      "complexity": 0.906,
      "rhythm": 0.056,
      "colorHarmony": 0.72,
      "coverage": 0.404
    },
    "totalTicks": 200,
    "avgAge": 200,
    "correct": 8,
    "total": 8
  }
}