{
  "@context": "sevo://v1",
  "@type": "Fitness",
  "@id": "fitness-agent-life-v3-1775390846762-sevo-life-cycle-3-1775403740525",
  "timestamp": "2026-04-05T15:42:21.186Z",
  "agent": "agent:life-v3-1775390846762",
  "eqs": 0.32239999999999996,
  "accuracy": 1,
  "magnitude": 0.06799999999999995,
  "branchesExplored": 1,
  "predictionError": 1,
  "cycleId": "sevo-life-cycle-3-1775403740525",
  "context": {
    "fitness": 0.704,
    "branches": 1,
    "survivalRate": 1,
    "beautyScore": 0.579,
    "efficiency": 0.151,
    "beauty": {
      "symmetry": 0.597,
      "complexity": 0.837,
      "rhythm": 0.22,
      "colorHarmony": 0.72,
      "coverage": 0.458
    },
    "totalTicks": 200,
    "avgAge": 200,
    "correct": 8,
    "total": 8
  }
}