{
  "@context": "sevo://v1",
  "@type": "Fitness",
  "@id": "fitness-agent-life-v3-1775390846762-sevo-life-cycle-2-1775393833264",
  "timestamp": "2026-04-05T12:57:13.836Z",
  "agent": "agent:life-v3-1775390846762",
  "eqs": 0.30739999999999995,
  "accuracy": 1,
  "magnitude": 0.052999999999999936,
  "branchesExplored": 1,
  "predictionError": 1,
  "cycleId": "sevo-life-cycle-2-1775393833264",
  "context": {
    "fitness": 0.689,
    "branches": 1,
    "survivalRate": 1,
    "beautyScore": 0.533,
    "efficiency": 0.146,
    "beauty": {
      "symmetry": 0.543,
      "complexity": 0.709,
      "rhythm": 0.287,
      "colorHarmony": 0.72,
      "coverage": 0.363
    },
    "totalTicks": 200,
    "avgAge": 200,
    "correct": 8,
    "total": 8
  }
}