{
  "@context": "sevo://v1",
  "@type": "Fitness",
  "@id": "fitness-agent-life-v3-1775390091883-sevo-life-cycle-2-1775394536083",
  "timestamp": "2026-04-05T13:08:58.069Z",
  "agent": "agent:life-v3-1775390091883",
  "eqs": 0.3092000000000001,
  "accuracy": 1,
  "magnitude": 0.05800000000000005,
  "branchesExplored": 1,
  "predictionError": 1,
  "cycleId": "sevo-life-cycle-2-1775394536083",
  "context": {
    "fitness": 0.686,
    "branches": 1,
    "survivalRate": 1,
    "beautyScore": 0.521,
    "efficiency": 0.147,
    "beauty": {
      "symmetry": 0.477,
      "complexity": 0.911,
      "rhythm": 0.122,
      "colorHarmony": 0.72,
      "coverage": 0.275
    },
    "totalTicks": 200,
    "avgAge": 200,
    "correct": 8,
    "total": 8
  }
}