{
  "@context": "sevo://v1",
  "@type": "Fitness",
  "@id": "fitness-agent-life-v3-1775390014691-sevo-life-cycle-7-1775393020422",
  "timestamp": "2026-04-05T12:43:41.198Z",
  "agent": "agent:life-v3-1775390014691",
  "eqs": 0.30740000000000006,
  "accuracy": 1,
  "magnitude": 0.05500000000000005,
  "branchesExplored": 1,
  "predictionError": 1,
  "cycleId": "sevo-life-cycle-7-1775393020422",
  "context": {
    "fitness": 0.686,
    "branches": 1,
    "survivalRate": 1,
    "beautyScore": 0.521,
    "efficiency": 0.147,
    "beauty": {
      "symmetry": 0.426,
      "complexity": 0.865,
      "rhythm": 0.221,
      "colorHarmony": 0.72,
      "coverage": 0.308
    },
    "totalTicks": 200,
    "avgAge": 200,
    "correct": 8,
    "total": 8
  }
}