{
  "@context": "sevo://v1",
  "@type": "Fitness",
  "@id": "fitness-agent-life-v3-1775391792883-sevo-life-cycle-3-1775394970604",
  "timestamp": "2026-04-05T13:16:11.885Z",
  "agent": "agent:life-v3-1775391792883",
  "eqs": 0.27759999999999996,
  "accuracy": 1,
  "magnitude": 0.0020000000000000018,
  "branchesExplored": 1,
  "predictionError": 1,
  "cycleId": "sevo-life-cycle-3-1775394970604",
  "context": {
    "fitness": 0.691,
    "branches": 1,
    "survivalRate": 1,
    "beautyScore": 0.538,
    "efficiency": 0.15,
    "beauty": {
      "symmetry": 0.587,
      "complexity": 0.791,
      "rhythm": 0.16,
      "colorHarmony": 0.72,
      "coverage": 0.354
    },
    "totalTicks": 200,
    "avgAge": 200,
    "correct": 8,
    "total": 8
  }
}