{
  "@context": "sevo://v1",
  "@type": "Fitness",
  "@id": "fitness-agent-life-v2-1775386935596-sevo-life-cycle-7-1775392495494",
  "timestamp": "2026-04-05T12:34:57.685Z",
  "agent": "agent:life-v2-1775386935596",
  "eqs": 0.2996000000000001,
  "accuracy": 1,
  "magnitude": 0.04400000000000004,
  "branchesExplored": 1,
  "predictionError": 1,
  "cycleId": "sevo-life-cycle-7-1775392495494",
  "context": {
    "fitness": 0.683,
    "branches": 1,
    "survivalRate": 1,
    "beautyScore": 0.512,
    "efficiency": 0.147,
    "beauty": {
      "symmetry": 0.488,
      "complexity": 0.843,
      "rhythm": 0.104,
      "colorHarmony": 0.72,
      "coverage": 0.338
    },
    "totalTicks": 200,
    "avgAge": 200,
    "correct": 8,
    "total": 8
  }
}