{
  "@context": "sevo://v1",
  "@type": "Fitness",
  "@id": "fitness-agent-life-v4-1775393015065-sevo-life-cycle-2-1775394536083",
  "timestamp": "2026-04-05T13:09:00.779Z",
  "agent": "agent:life-v4-1775393015065",
  "eqs": 0.3181999999999999,
  "accuracy": 1,
  "magnitude": 0.06699999999999995,
  "branchesExplored": 1,
  "predictionError": 1,
  "cycleId": "sevo-life-cycle-2-1775394536083",
  "context": {
    "fitness": 0.695,
    "branches": 1,
    "survivalRate": 1,
    "beautyScore": 0.548,
    "efficiency": 0.153,
    "beauty": {
      "symmetry": 0.65,
      "complexity": 0.769,
      "rhythm": 0.05,
      "colorHarmony": 0.72,
      "coverage": 0.503
    },
    "totalTicks": 200,
    "avgAge": 200,
    "correct": 8,
    "total": 8
  }
}