{
  "@context": "sevo://v1",
  "@type": "Fitness",
  "@id": "fitness-agent-life-v3-1775390846762-sevo-life-cycle-1-1775404032254",
  "timestamp": "2026-04-05T15:47:12.990Z",
  "agent": "agent:life-v3-1775390846762",
  "eqs": 0.31639999999999996,
  "accuracy": 1,
  "magnitude": 0.061999999999999944,
  "branchesExplored": 1,
  "predictionError": 1,
  "cycleId": "sevo-life-cycle-1-1775404032254",
  "context": {
    "fitness": 0.698,
    "branches": 1,
    "survivalRate": 1,
    "beautyScore": 0.565,
    "efficiency": 0.14,
    "beauty": {
      "symmetry": 0.622,
      "complexity": 0.782,
      "rhythm": 0.163,
      "colorHarmony": 0.72,
      "coverage": 0.492
    },
    "totalTicks": 200,
    "avgAge": 200,
    "correct": 8,
    "total": 8
  }
}