{
  "@context": "sevo://v1",
  "@type": "Fitness",
  "@id": "fitness-agent-life-v3-1775390846762-sevo-life-cycle-2-1775394941426",
  "timestamp": "2026-04-05T13:15:42.119Z",
  "agent": "agent:life-v3-1775390846762",
  "eqs": 0.32139999999999996,
  "accuracy": 1,
  "magnitude": 0.06699999999999995,
  "branchesExplored": 1,
  "predictionError": 1,
  "cycleId": "sevo-life-cycle-2-1775394941426",
  "context": {
    "fitness": 0.703,
    "branches": 1,
    "survivalRate": 1,
    "beautyScore": 0.577,
    "efficiency": 0.149,
    "beauty": {
      "symmetry": 0.59,
      "complexity": 0.795,
      "rhythm": 0.24,
      "colorHarmony": 0.72,
      "coverage": 0.496
    },
    "totalTicks": 200,
    "avgAge": 200,
    "correct": 8,
    "total": 8
  }
}