{
  "@context": "sevo://v1",
  "@type": "Fitness",
  "@id": "fitness-agent-life-v3-1775390961181-sevo-life-cycle-3-1775394562254",
  "timestamp": "2026-04-05T13:09:25.106Z",
  "agent": "agent:life-v3-1775390961181",
  "eqs": 0.27859999999999996,
  "accuracy": 1,
  "magnitude": 0.004999999999999893,
  "branchesExplored": 1,
  "predictionError": 1,
  "cycleId": "sevo-life-cycle-3-1775394562254",
  "context": {
    "fitness": 0.689,
    "branches": 1,
    "survivalRate": 1,
    "beautyScore": 0.528,
    "efficiency": 0.152,
    "beauty": {
      "symmetry": 0.327,
      "complexity": 0.934,
      "rhythm": 0.284,
      "colorHarmony": 0.72,
      "coverage": 0.321
    },
    "totalTicks": 200,
    "avgAge": 200,
    "correct": 8,
    "total": 8
  }
}