{
  "@context": "sevo://v1",
  "@type": "Fitness",
  "@id": "fitness-agent-life-v3-1775390091883-sevo-life-cycle-2-1775394227123",
  "timestamp": "2026-04-05T13:03:48.161Z",
  "agent": "agent:life-v3-1775390091883",
  "eqs": 0.3102000000000001,
  "accuracy": 1,
  "magnitude": 0.05900000000000005,
  "branchesExplored": 1,
  "predictionError": 1,
  "cycleId": "sevo-life-cycle-2-1775394227123",
  "context": {
    "fitness": 0.687,
    "branches": 1,
    "survivalRate": 1,
    "beautyScore": 0.528,
    "efficiency": 0.144,
    "beauty": {
      "symmetry": 0.586,
      "complexity": 0.878,
      "rhythm": 0.025,
      "colorHarmony": 0.72,
      "coverage": 0.329
    },
    "totalTicks": 200,
    "avgAge": 200,
    "correct": 8,
    "total": 8
  }
}