{
  "@context": "sevo://v1",
  "@type": "Fitness",
  "@id": "fitness-agent-life-v3-1775390014691-sevo-life-cycle-8-1775392252140",
  "timestamp": "2026-04-05T12:30:52.574Z",
  "agent": "agent:life-v3-1775390014691",
  "eqs": 0.32339999999999997,
  "accuracy": 1,
  "magnitude": 0.07099999999999995,
  "branchesExplored": 1,
  "predictionError": 1,
  "cycleId": "sevo-life-cycle-8-1775392252140",
  "context": {
    "fitness": 0.702,
    "branches": 1,
    "survivalRate": 1,
    "beautyScore": 0.575,
    "efficiency": 0.148,
    "beauty": {
      "symmetry": 0.616,
      "complexity": 0.816,
      "rhythm": 0.203,
      "colorHarmony": 0.72,
      "coverage": 0.458
    },
    "totalTicks": 200,
    "avgAge": 200,
    "correct": 8,
    "total": 8
  }
}