{
  "@context": "sevo://v1",
  "@type": "Fitness",
  "@id": "fitness-agent-life-v3-1775390014691-sevo-life-cycle-4-1775404379464",
  "timestamp": "2026-04-05T15:53:00.391Z",
  "agent": "agent:life-v3-1775390014691",
  "eqs": 0.32039999999999996,
  "accuracy": 1,
  "magnitude": 0.06799999999999995,
  "branchesExplored": 1,
  "predictionError": 1,
  "cycleId": "sevo-life-cycle-4-1775404379464",
  "context": {
    "fitness": 0.699,
    "branches": 1,
    "survivalRate": 1,
    "beautyScore": 0.562,
    "efficiency": 0.15,
    "beauty": {
      "symmetry": 0.521,
      "complexity": 0.935,
      "rhythm": 0.183,
      "colorHarmony": 0.72,
      "coverage": 0.358
    },
    "totalTicks": 200,
    "avgAge": 200,
    "correct": 8,
    "total": 8
  }
}