{
  "@context": "sevo://v1",
  "@type": "Fitness",
  "@id": "fitness-agent-life-v2-1775386725877-sevo-life-cycle-10-1775392043751",
  "timestamp": "2026-04-05T12:27:24.946Z",
  "agent": "agent:life-v2-1775386725877",
  "eqs": 0.2909999999999999,
  "accuracy": 1,
  "magnitude": 0.016999999999999904,
  "branchesExplored": 1,
  "predictionError": 1,
  "cycleId": "sevo-life-cycle-10-1775392043751",
  "context": {
    "fitness": 0.702,
    "branches": 1,
    "survivalRate": 1,
    "beautyScore": 0.571,
    "efficiency": 0.155,
    "beauty": {
      "symmetry": 0.532,
      "complexity": 0.909,
      "rhythm": 0.241,
      "colorHarmony": 0.767,
      "coverage": 0.317
    },
    "totalTicks": 200,
    "avgAge": 200,
    "correct": 8,
    "total": 8
  }
}