{
  "@context": "sevo://v1",
  "@type": "Fitness",
  "@id": "fitness-agent-life-v2-1775386725877-sevo-life-cycle-7-1775391734173",
  "timestamp": "2026-04-05T12:22:15.176Z",
  "agent": "agent:life-v2-1775386725877",
  "eqs": 0.30460000000000004,
  "accuracy": 1,
  "magnitude": 0.051000000000000045,
  "branchesExplored": 1,
  "predictionError": 1,
  "cycleId": "sevo-life-cycle-7-1775391734173",
  "context": {
    "fitness": 0.685,
    "branches": 1,
    "survivalRate": 1,
    "beautyScore": 0.517,
    "efficiency": 0.152,
    "beauty": {
      "symmetry": 0.406,
      "complexity": 0.957,
      "rhythm": 0.092,
      "colorHarmony": 0.72,
      "coverage": 0.333
    },
    "totalTicks": 200,
    "avgAge": 200,
    "correct": 8,
    "total": 8
  }
}