{
  "@context": "sevo://v1",
  "@type": "Fitness",
  "@id": "fitness-agent-life-v3-1775390846762-sevo-life-cycle-4-1775394402074",
  "timestamp": "2026-04-05T13:06:42.692Z",
  "agent": "agent:life-v3-1775390846762",
  "eqs": 0.30839999999999995,
  "accuracy": 1,
  "magnitude": 0.05399999999999994,
  "branchesExplored": 1,
  "predictionError": 1,
  "cycleId": "sevo-life-cycle-4-1775394402074",
  "context": {
    "fitness": 0.69,
    "branches": 1,
    "survivalRate": 1,
    "beautyScore": 0.538,
    "efficiency": 0.142,
    "beauty": {
      "symmetry": 0.403,
      "complexity": 0.91,
      "rhythm": 0.241,
      "colorHarmony": 0.72,
      "coverage": 0.354
    },
    "totalTicks": 200,
    "avgAge": 200,
    "correct": 8,
    "total": 8
  }
}