{
  "@context": "sevo://v1",
  "@type": "Fitness",
  "@id": "fitness-agent-life-v2-1775386935596-sevo-life-cycle-2-1775388770633",
  "timestamp": "2026-04-05T11:32:50.988Z",
  "agent": "agent:life-v2-1775386935596",
  "eqs": 0.32039999999999996,
  "accuracy": 1,
  "magnitude": 0.06799999999999995,
  "branchesExplored": 1,
  "predictionError": 1,
  "cycleId": "sevo-life-cycle-2-1775388770633",
  "context": {
    "fitness": 0.699,
    "branches": 1,
    "survivalRate": 1,
    "beautyScore": 0.563,
    "efficiency": 0.149,
    "beauty": {
      "symmetry": 0.588,
      "complexity": 0.878,
      "rhythm": 0.135,
      "colorHarmony": 0.72,
      "coverage": 0.408
    },
    "totalTicks": 200,
    "avgAge": 200,
    "correct": 8,
    "total": 8
  }
}