{
  "@context": "sevo://v1",
  "@type": "Fitness",
  "@id": "fitness-agent-life-v3-1775392671841-sevo-life-cycle-4-1775404544735",
  "timestamp": "2026-04-05T15:55:48.391Z",
  "agent": "agent:life-v3-1775392671841",
  "eqs": 0.28439999999999993,
  "accuracy": 1,
  "magnitude": 0.009999999999999898,
  "branchesExplored": 1,
  "predictionError": 1,
  "cycleId": "sevo-life-cycle-4-1775404544735",
  "context": {
    "fitness": 0.696,
    "branches": 1,
    "survivalRate": 1,
    "beautyScore": 0.55,
    "efficiency": 0.155,
    "beauty": {
      "symmetry": 0.52,
      "complexity": 0.928,
      "rhythm": 0.086,
      "colorHarmony": 0.72,
      "coverage": 0.417
    },
    "totalTicks": 200,
    "avgAge": 200,
    "correct": 8,
    "total": 8
  }
}