{
  "@context": "sevo://v1",
  "@type": "Fitness",
  "@id": "fitness-agent-life-v3-1775390846762-sevo-life-cycle-5-1775391434552",
  "timestamp": "2026-04-05T12:17:14.813Z",
  "agent": "agent:life-v3-1775390846762",
  "eqs": 0.32539999999999997,
  "accuracy": 1,
  "magnitude": 0.07099999999999995,
  "branchesExplored": 1,
  "predictionError": 1,
  "cycleId": "sevo-life-cycle-5-1775391434552",
  "context": {
    "fitness": 0.707,
    "branches": 1,
    "survivalRate": 1,
    "beautyScore": 0.583,
    "efficiency": 0.16,
    "beauty": {
      "symmetry": 0.677,
      "complexity": 0.797,
      "rhythm": 0.18,
      "colorHarmony": 0.72,
      "coverage": 0.471
    },
    "totalTicks": 200,
    "avgAge": 200,
    "correct": 8,
    "total": 8
  }
}