{
  "@context": "sevo://v1",
  "@type": "Fitness",
  "@id": "fitness-agent-life-v3-1775390014691-sevo-life-cycle-9-1775391276230",
  "timestamp": "2026-04-05T12:14:36.579Z",
  "agent": "agent:life-v3-1775390014691",
  "eqs": 0.28200000000000003,
  "accuracy": 1,
  "magnitude": 0.0040000000000000036,
  "branchesExplored": 1,
  "predictionError": 1,
  "cycleId": "sevo-life-cycle-9-1775391276230",
  "context": {
    "fitness": 0.699,
    "branches": 1,
    "survivalRate": 1,
    "beautyScore": 0.558,
    "efficiency": 0.156,
    "beauty": {
      "symmetry": 0.476,
      "complexity": 0.9,
      "rhythm": 0.256,
      "colorHarmony": 0.72,
      "coverage": 0.367
    },
    "totalTicks": 200,
    "avgAge": 200,
    "correct": 8,
    "total": 8
  }
}