{
  "@context": "sevo://v1",
  "@type": "Fitness",
  "@id": "fitness-agent-life-v3-1775390918981-sevo-life-cycle-8-1775393304505",
  "timestamp": "2026-04-05T12:48:27.593Z",
  "agent": "agent:life-v3-1775390918981",
  "eqs": 0.27699999999999997,
  "accuracy": 1,
  "magnitude": 0.0010000000000000009,
  "branchesExplored": 1,
  "predictionError": 1,
  "cycleId": "sevo-life-cycle-8-1775393304505",
  "context": {
    "fitness": 0.691,
    "branches": 1,
    "survivalRate": 1,
    "beautyScore": 0.534,
    "efficiency": 0.153,
    "beauty": {
      "symmetry": 0.493,
      "complexity": 0.894,
      "rhythm": 0.117,
      "colorHarmony": 0.72,
      "coverage": 0.371
    },
    "totalTicks": 200,
    "avgAge": 200,
    "correct": 8,
    "total": 8
  }
}